10001	118	53	11
10002	0	6	0
10003	0	1	0
10004	0	3	0
10005	0	3	0
10006	95	2	2
10007	0	172	0
10008	0	36	0
10009	0	12	0
10010	0	1	0
10011	0	4	0
10012	13	2	1
10014	31	14	0
10100	0	4	0
10102	5	2	2
10103	0	28	0
10104	0	4	0
10105	0	5	0
10106	0	19	0
10107	4	9	0
10108	0	1	0
10109	0	2	0
10110	2	11	1
10111	11	2	3
10112	13	3	19
10113	0	7	0
10114	5	150	0
10201	0	4	0
10202	0	2	0
10203	0	5	1
10205	0	5	0
10206	0	11	0
10207	0	7	0
10208	0	1	0
10209	0	16	0
10210	13	0	2
10211	29	8	1
10212	6	11	0
10213	0	5	0
10214	0	10	0
10215	0	7	0
10300	0	2	0
10301	0	2	0
10302	0	5	0
10304	3	6	1
10305	0	7	0
10306	0	5	0
10307	0	7	0
10308	0	7	0
10309	0	11	0
10310	0	1	0
10311	0	6	0
10312	0	5	0
10313	0	1	0
10314	0	8	0
10315	0	9	1
10400	0	2	0
10401	4	6	20
10402	0	2	0
10403	0	24	0
10404	14	4	1
10405	0	2	0
10406	11	4	0
10407	10	14	1
10408	0	2	0
10410	0	7	0
10411	0	42	0
10412	0	1	0
10413	2	1	0
10414	21	41	6
10415	0	15	0
10500	26	0	0
10501	0	1	0
10502	0	13	0
10503	0	8	11
10504	20	4	1
10505	0	3	0
10506	0	2	0
10507	0	7	0
10508	26	43	0
10509	0	1	0
10510	0	3	0
10511	1	11	1
10512	0	2	0
10513	0	11	0
10514	0	35	0
10515	2	10	13
10600	0	2	0
10601	1	33	1
10602	0	3	0
10603	0	27	0
10604	0	7	0
10605	1	1	1
10606	0	3	0
10607	0	2	0
10608	0	3	0
10609	0	6	0
10610	0	2	0
10611	0	19	0
10612	0	5	0
10613	0	6	0
10614	0	2	0
10615	0	14	0
10700	0	2	0
10701	0	6	0
10702	0	22	0
10704	16	59	4
10705	0	1	0
10706	0	17	0
10707	0	1	0
10708	1	6	4
10709	170	37	47
10710	0	1	0
10714	13	2	3
10715	0	1	0
10800	18	1	6
10801	0	4	0
10802	1	7	0
10803	0	1	0
10804	0	19	0
10805	0	1	0
10806	0	4	0
10807	3	1	2
10808	3	12	3
10809	0	2	0
10811	0	3	0
10812	0	4	0
10813	0	21	0
10814	0	20	0
10815	0	1	0
10900	0	22	0
10902	0	23	0
10903	5	0	0
10904	0	2	0
10905	0	15	0
10906	0	5	0
10907	0	51	1
10908	0	18	0
10909	0	8	0
10910	0	51	0
10911	9	54	7
10912	0	2	0
10913	7	0	2
10915	2	1	0
11000	0	4	0
11002	2	1	3
11003	0	5	0
11004	0	5	0
11005	0	1	0
11007	0	16	0
11008	0	1	0
11009	0	18	2
11010	0	8	0
11011	0	1	0
11012	0	3	0
11013	0	13	0
11015	0	7	0
11100	2	16	1
11101	0	3	0
11102	0	2	0
11103	110	41	39
11104	0	20	0
11105	46	121	1
11106	25	13	1
11107	2	1	1
11108	0	3	0
11109	15	4	0
11110	4	4	0
11111	0	5	1
11112	0	9	13
11114	0	9	0
11115	0	3	0
11200	0	4	0
11201	5	5	1
11203	0	10	0
11204	48	6	0
11205	0	1	0
11206	0	3	0
11207	1	7	0
11208	0	1	0
11209	0	1	0
11210	0	1	0
11211	0	2	3
11212	0	1	0
11213	25	0	2
11214	0	4	0
11215	0	21	0
11300	1	8	0
11301	0	1	0
11302	28	15	6
11303	0	10	0
11304	0	1	0
11305	1	14	5
11306	0	23	0
11307	3	0	0
11308	1	23	0
11309	0	6	0
11310	0	4	0
11311	0	14	0
11312	0	3	0
11313	0	1	0
11314	0	7	0
11400	1	6	0
11401	0	15	0
11402	0	20	4
11403	0	2	0
11404	0	1	0
11405	0	3	1
11406	0	1	0
11410	0	2	0
11411	0	1	0
11412	0	5	0
11413	0	15	0
11415	0	33	2
11500	9	0	0
11503	0	13	0
11504	5	6	0
11505	0	3	1
11506	4	20	0
11507	0	5	2
11508	0	11	0
11510	0	13	0
11511	0	5	0
11512	0	21	0
11513	0	3	0
11514	0	24	0
11515	0	7	0
11600	0	9	0
11601	0	14	0
11604	1	19	0
11605	0	1	0
11606	0	13	0
11607	0	1	0
11608	0	1	0
11609	0	14	0
11610	0	10	0
11611	7	4	0
11612	0	1	0
11614	0	8	0
11700	1	2	0
11701	0	3	0
11702	24	0	2
11703	1	0	0
11704	0	9	0
11706	0	0	1
11707	0	4	0
11708	0	3	0
11709	0	8	0
11710	0	1	0
11711	0	12	0
11712	68	395	32
11713	6	0	3
11800	0	1	0
11802	0	2	0
11803	3	0	2
11804	0	2	0
11806	5	21	20
11807	20	7	0
11808	0	2	0
11809	1	1	0
11811	0	1	0
11812	0	8	0
11813	10	16	2
11814	0	14	0
11900	0	5	0
11901	0	3	0
11903	7	4	2
11904	0	14	0
11905	0	1	0
11906	0	8	0
11907	0	3	0
11909	0	23	0
11911	0	6	0
11912	0	1	0
11913	3	23	0
11914	0	1	1
11915	1	10	15
12000	8	6	0
12001	19	2	0
12002	2	8	1
12003	0	85	2
12004	0	8	0
12005	0	11	0
12006	0	10	0
12007	0	6	0
12008	117	8	1
12009	0	3	0
12010	21	61	44
12011	48	1	9
12012	0	6	0
12013	3	7	0
12014	7	5	0
12015	0	4	0
12100	0	2	0
12101	0	2	0
12102	3	14	1
12105	0	23	0
12106	0	6	0
12107	0	6	0
12109	0	2	0
12110	0	28	0
12111	0	7	0
12113	1	0	0
12114	0	23	1
12115	0	1	0
12200	0	4	0
12201	0	1	0
12203	0	1	0
12204	0	4	0
12205	0	9	0
12206	24	0	0
12207	0	3	0
12208	0	2	2
12209	1	12	0
12210	0	8	0
12211	0	1	0
12212	3	46	2
12213	9	0	0
12214	0	3	0
12215	0	7	0
12300	0	1	0
12302	0	13	0
12304	0	11	0
12305	1	1	0
12306	0	11	0
12307	0	2	1
12308	0	4	0
12309	0	10	0
12310	26	2	2
12311	1	12	0
12312	13	2	2
12313	0	3	0
12314	0	4	0
12315	0	2	0
12400	0	89	0
12401	0	3	0
12402	0	5	0
12403	0	2	0
12404	0	9	0
12405	0	19	0
12407	0	1	0
12409	0	4	0
12411	8	22	14
12412	0	2	0
12413	0	3	0
12414	1	1	0
12415	2	2	1
12500	0	9	2
12501	21	1	7
12502	0	1	0
12503	191	72	124
12505	0	1	0
12506	0	4	0
12507	0	3	0
12508	0	4	0
12510	9	22	4
12511	0	2	0
12512	0	7	21
12514	2	40	0
12515	0	8	0
12600	1	0	0
12601	2	2	0
12602	0	6	0
12603	0	1	0
12604	3	4	1
12605	3	3	1
12606	0	8	0
12607	6	4	3
12608	0	21	0
12609	0	1	0
12611	0	35	0
12612	0	2	0
12613	0	2	0
12614	0	2	0
12700	0	19	0
12701	0	2	0
12703	0	1	0
12704	0	9	0
12705	0	1	0
12706	13	7	0
12707	0	10	0
12708	0	1	0
12709	1	23	2
12710	0	2	0
12711	0	7	1
12712	0	2	0
12713	0	2	0
12714	0	3	0
12715	5	1	1
12800	0	6	0
12801	1	13	0
12802	0	39	0
12803	5	1	1
12804	0	22	0
12805	0	3	0
12806	0	3	0
12807	0	5	0
12808	0	5	0
12809	0	2	0
12810	0	1	0
12811	8	99	3
12812	1	17	1
12813	11	10	3
12814	0	4	0
12815	0	72	0
12900	0	5	0
12901	0	2	0
12902	0	1	0
12903	0	20	0
12904	0	1	0
12905	0	1	0
12907	0	1	0
12908	5	7	3
12909	0	1	0
12910	0	3	0
12912	0	3	0
12913	0	2	0
12914	0	1	0
12915	0	91	0
13001	0	3	0
13002	0	2	0
13003	0	126	18
13004	0	2	0
13005	5	3	1
13006	10	23	3
13007	0	10	0
13008	0	0	1
13009	0	2	0
13011	0	3	0
13012	0	3	0
13013	0	1	0
13014	0	22	0
13015	0	2	0
13100	0	6	0
13101	0	4	0
13102	0	4	0
13103	0	1	0
13104	0	39	0
13105	26	11	26
13106	0	22	0
13107	0	3	1
13108	0	6	0
13110	0	2	0
13111	0	4	0
13112	0	5	0
13113	0	6	0
13114	0	8	0
13200	110	89	81
13201	0	8	0
13202	0	5	0
13203	0	11	0
13204	0	4	0
13205	0	7	0
13207	0	10	0
13208	35	11	0
13209	3	1	0
13210	0	21	0
13211	0	3	0
13212	0	3	0
13213	0	18	0
13214	0	17	0
13215	25	28	28
13300	0	1	0
13301	0	1	0
13302	0	2	0
13303	0	8	0
13304	0	3	0
13305	2	8	0
13306	0	11	0
13307	3	2	0
13308	12	12	0
13309	10	45	6
13311	23	13	6
13312	0	22	0
13313	0	4	0
13314	0	1	0
13315	0	3	0
13400	2	16	3
13401	11	39	25
13402	0	4	0
13404	0	4	0
13405	0	2	0
13406	3	4	0
13407	0	6	0
13409	6	1	0
13410	14	3	0
13411	0	1	0
13412	59	6	4
13413	0	9	0
13414	0	15	0
13500	0	1	0
13501	0	9	1
13502	0	11	0
13503	1	12	0
13504	0	2	0
13506	0	3	0
13507	31	14	3
13509	0	1	0
13510	0	3	1
13511	34	405	10
13512	0	2	0
13513	0	2	0
13514	1	3	0
13515	0	9	0
13600	19	7	3
13601	0	1	0
13602	0	5	0
13603	0	17	0
13604	0	46	0
13605	0	1	0
13607	126	140	21
13608	0	3	0
13609	0	6	0
13610	0	2	0
13611	4	40	0
13612	0	1	0
13613	1	3	0
13614	0	5	0
13615	0	94	0
13700	0	18	0
13701	0	12	0
13702	0	5	0
13703	0	17	0
13704	1	35	0
13705	0	2	0
13706	23	63	4
13707	0	2	0
13708	0	17	0
13709	0	1	0
13710	0	11	0
13711	0	1	0
13712	0	1	0
13713	0	13	0
13714	0	2	0
13715	0	4	0
13800	11	0	0
13802	423	142	172
13805	0	1	0
13806	0	2	0
13807	0	1	0
13808	0	50	0
13809	0	1	0
13811	0	7	0
13813	0	6	0
13814	0	11	0
13815	20	5	0
13900	4	5	1
13901	11	5	1
13902	0	40	2
13903	0	1	0
13904	2	2	0
13905	0	1	0
13906	0	1	0
13907	0	2	0
13909	0	10	0
13910	0	1	0
13911	0	2	0
13912	87	21	7
13913	0	32	0
13914	11	46	5
14000	0	5	0
14001	2	53	0
14002	0	5	0
14003	0	9	0
14004	0	64	0
14005	1	13	0
14006	0	4	0
14007	0	1	0
14008	0	1	0
14009	0	1	0
14010	5	5	5
14011	0	36	0
14012	0	3	0
14013	0	1	0
14014	0	1	0
14015	216	0	0
14100	0	49	0
14101	0	6	0
14102	0	1	0
14103	0	10	0
14104	0	10	0
14105	0	17	0
14106	36	7	1
14107	0	7	0
14108	0	6	0
14110	0	46	0
14111	0	1	0
14112	0	46	0
14114	0	5	0
14115	0	3	0
14201	0	11	0
14202	0	15	1
14203	0	2	0
14204	0	3	0
14205	0	8	0
14206	0	4	0
14207	11	3	1
14208	23	17	0
14210	0	2	0
14211	0	5	0
14212	0	6	0
14213	4	6	1
14214	0	4	0
14300	0	10	0
14301	5	3	0
14302	0	5	0
14303	11	2	0
14304	0	2	0
14305	2232	520	730
14306	7	0	0
14308	0	1	0
14309	0	6	0
14311	2	23	1
14312	0	12	0
14313	1	0	0
14315	14	64	1
14400	0	4	0
14401	0	4	0
14402	0	20	0
14403	0	2	0
14404	0	1	0
14405	0	2	0
14406	0	27	0
14408	0	1	0
14409	0	1	0
14410	0	3	0
14411	42	10	7
14412	0	9	0
14413	5	63	0
14414	0	6	0
14415	0	1	0
14500	0	162	0
14501	0	24	0
14502	14	2	1
14503	0	7	0
14504	0	4	0
14505	0	2	0
14506	0	0	1
14507	0	4	0
14508	0	19	0
14509	0	8	0
14510	0	16	0
14511	0	2	0
14512	0	1	0
14513	0	20	0
14514	0	1	0
14515	0	12	0
14600	1	0	0
14602	0	5	0
14603	0	21	0
14604	0	1	0
14605	0	4	0
14606	0	16	0
14608	0	1	0
14609	0	2	0
14610	0	3	2
14611	229	4	2
14612	0	10	0
14613	3	29	2
14614	0	3	0
14615	0	7	1
14700	0	7	0
14701	4	30	4
14703	0	24	0
14704	0	5	0
14705	0	2	0
14706	2	2	0
14707	0	4	1
14708	0	4	0
14709	29	71	4
14711	2	0	0
14712	1	0	0
14713	0	10	0
14800	0	3	0
14801	0	7	0
14802	0	11	0
14803	0	9	0
14804	0	3	0
14805	4	4	3
14808	0	26	0
14809	7	11	2
14810	3	29	0
14811	0	8	0
14812	19	34	5
14814	0	12	0
14815	0	5	0
14900	0	3	0
14901	5	0	0
14902	0	5	0
14903	0	13	0
14904	5	45	1
14905	2	5	0
14907	0	57	0
14908	0	1	0
14909	0	7	0
14910	195	26	12
14911	0	1	0
14912	0	10	0
14913	11	9	1
14914	0	5	0
14915	0	19	0
15000	0	2	0
15001	0	3	0
15002	9	1	1
15003	0	3	0
15004	0	8	0
15005	0	4	0
15006	0	9	0
15007	0	2	0
15008	0	7	0
15009	0	5	0
15010	0	2	0
15011	0	2	0
15013	0	12	0
15014	25	16	9
15015	0	580	0
15100	0	4	0
15101	0	24	0
15102	0	1	0
15103	0	2	0
15104	0	19	0
15105	1	8	0
15106	0	1	0
15107	0	11	0
15108	7	7	3
15109	0	4	0
15110	0	15	0
15111	0	40	0
15112	34	16	9
15113	8	1	0
15114	24	68	3
15115	121	101	11
15200	58	6	9
15201	0	6	0
15202	0	6	0
15203	0	5	0
15204	5	49	0
15206	0	7	0
15207	1	3	1
15208	0	3	0
15209	0	1	0
15210	0	1	0
15211	0	5	0
15212	0	3	0
15213	0	8	0
15214	0	1	0
15215	0	16	0
15302	4	25	1
15303	0	5	0
15304	0	1	0
15305	1	14	0
15307	0	2	0
15308	0	5	0
15309	2	23	0
15311	0	8	2
15312	1	1	1
15313	0	1	0
15314	0	1	0
15315	0	1	0
15400	2	0	0
15404	0	1	0
15405	0	3	0
15406	0	2	0
15407	0	5	0
15408	0	1	1
15410	0	6	0
15411	0	2	0
15412	0	10	0
15414	0	1	0
15501	0	1	0
15502	0	3	0
15503	3	130	0
15504	0	19	0
15505	0	11	0
15506	0	3	0
15507	0	25	0
15508	0	2	0
15509	0	25	0
15510	0	10	0
15511	0	4	0
15512	0	20	0
15513	0	4	0
15514	0	3	0
15515	0	7	0
15600	33	41	66
15601	2	2	2
15602	0	2	0
15603	0	2	0
15604	54	34	16
15606	0	1	0
15607	0	5	0
15608	0	2	0
15609	0	1	0
15610	0	3	0
15611	0	5	0
15612	0	3	0
15613	0	1	0
15614	0	2	0
15615	0	5	0
15701	20	16	4
15702	0	3	0
15705	60	5	5
15706	0	4	0
15707	27	30	5
15708	0	8	1
15710	0	3	0
15712	0	1	0
15714	0	18	0
15715	0	1	0
15800	0	35	0
15801	11	8	0
15802	0	3	0
15804	0	2	0
15805	0	1	0
15807	0	1	0
15809	2	17	0
15810	0	3	0
15811	1	25	0
15812	5	10	2
15813	728	194	95
15814	0	11	3
15815	0	5	0
15900	0	31	0
15901	0	3	0
15902	14	116	2
15903	0	15	0
15904	0	16	0
15906	0	14	0
15908	0	13	0
15909	0	1	0
15910	12	29	3
15912	0	27	0
15913	3	2	2
15914	0	14	0
15915	0	2	0
16000	0	3	0
16001	1	5	0
16002	0	16	0
16003	0	0	1
16004	0	19	0
16005	1	5	0
16006	0	31	0
16007	0	18	0
16008	0	1	0
16009	6	19	1
16010	0	18	0
16011	13	28	9
16012	0	1	0
16013	0	1	0
16014	0	7	0
16015	3	2	0
16100	1	2	0
16101	0	4	0
16102	1	1	0
16103	4	4	1
16104	0	1	0
16105	4	3	0
16106	0	13	0
16107	0	3	0
16108	0	9	0
16109	55	55	3
16110	0	34	0
16111	0	7	0
16112	0	10	0
16113	88	25	103
16114	0	9	0
16115	33	55	2
16200	0	2	0
16201	0	5	0
16202	0	2	0
16203	0	3	0
16204	4	23	1
16205	0	1	0
16206	0	1	0
16207	0	0	1
16208	0	11	0
16209	1	0	2
16210	0	6	0
16211	0	1	0
16212	0	4	0
16213	0	32	0
16214	0	16	0
16215	0	3	0
16300	0	2	0
16301	5	2	0
16302	0	2	0
16303	0	8	0
16304	0	47	0
16305	0	6	0
16306	0	2	0
16307	70	106	15
16308	3	19	0
16309	0	5	0
16310	0	2	0
16311	0	2	0
16312	0	4	0
16313	0	0	1
16314	32	10	0
16400	51	9	10
16401	0	3	4
16402	0	1	0
16403	4	9	1
16404	20	54	30
16405	0	3	0
16406	0	2	0
16407	0	4	0
16408	0	3	0
16409	0	3	0
16413	0	3	0
16415	90	44	7
16500	0	6	0
16501	3	13	0
16502	20	148	6
16503	0	17	0
16505	0	2	0
16506	8	3	0
16507	0	14	0
16508	0	2	0
16509	4	9	0
16511	66	2	4
16512	1	5	1
16513	0	3	0
16514	0	18	1
16515	1	1	0
16600	0	15	0
16601	0	3	0
16602	0	19	0
16604	0	1	0
16605	0	36	1
16606	0	1	0
16607	1	1	0
16609	0	19	0
16612	0	9	0
16613	0	1	0
16614	17	25	0
16701	126	22	5
16702	0	4	0
16703	0	2	0
16704	0	7	2
16705	0	14	0
16706	9	11	3
16707	0	1	0
16708	0	15	0
16709	123	19	25
16710	0	3	0
16711	1	17	1
16712	1	4	2
16713	0	1	0
16714	0	1	0
16715	0	1	0
16802	0	10	0
16803	4	10	1
16805	1	0	0
16806	4	1	0
16807	0	9	0
16809	2	9	0
16810	0	1	0
16811	0	4	0
16813	1	7	2
16814	0	1	0
16901	20	12	28
16902	0	7	0
16903	0	81	0
16904	0	1	0
16905	0	6	0
16906	0	5	0
16907	0	1	0
16908	0	24	0
16909	1	2	0
16910	0	2	0
16911	0	30	0
16912	0	9	0
16913	0	3	0
16914	0	53	0
16915	0	1	0
17000	0	5	0
17001	0	5	0
17002	0	1	0
17003	1	5	1
17004	0	2	0
17007	0	3	0
17009	0	2	0
17010	4	11	2
17011	0	4	0
17012	1	3	0
17013	20	19	9
17014	0	86	0
17100	3	11	7
17101	8	14	1
17102	1	15	1
17103	0	44	0
17104	11	11	45
17105	0	4	0
17106	0	4	0
17107	0	3	0
17108	1	1	0
17109	0	6	0
17110	0	6	0
17111	11	5	0
17112	0	4	0
17113	2	228	0
17114	6	0	1
17200	0	18	0
17201	0	3	0
17202	0	7	0
17203	0	7	0
17204	0	4	1
17205	6	3	1
17206	48	1	2
17207	0	16	0
17208	0	2	0
17209	0	2	0
17210	0	20	0
17211	0	9	0
17212	0	3	1
17213	12	0	0
17214	0	3	0
17215	0	20	1
17300	0	20	0
17301	0	3	0
17302	2	9	0
17303	51	26	1
17304	0	13	0
17305	0	2	0
17306	0	107	0
17308	0	2	0
17309	0	10	0
17310	0	6	0
17311	0	3	0
17312	1	13	0
17313	59	144	47
17314	0	1	0
17315	0	3	0
17400	0	2	0
17401	0	1	0
17403	0	7	0
17404	1	4	0
17405	5	38	4
17406	0	2	0
17407	4	3	2
17408	0	9	0
17409	0	4	0
17411	48	7	2
17413	9	12	3
17414	0	3	0
17415	0	9	0
17501	0	1	0
17502	0	1	0
17503	16	20	1
17505	0	9	0
17506	4	30	1
17507	11	1	2
17508	6	19	0
17509	0	3	0
17510	4	9	1
17511	0	3	0
17512	0	7	1
17513	2	4	0
17514	2	37	0
17515	0	7	0
17600	0	1	0
17601	0	17	0
17602	36	30	46
17604	0	4	1
17605	0	45	0
17606	0	1	1
17608	0	10	0
17610	0	5	0
17611	0	17	0
17613	0	11	0
17615	24	118	3
17700	10	296	5
17701	0	2	0
17702	0	3	0
17703	0	2	0
17704	0	14	0
17705	0	51	0
17706	0	10	0
17707	8	7	3
17708	0	9	0
17709	0	1	0
17710	15	6	0
17711	0	4	0
17712	2	25	0
17714	1	1	0
17715	0	1	0
17800	5	2	1
17801	0	7	0
17802	0	8	0
17803	0	52	0
17804	3	1	2
17805	0	26	0
17807	2	8	0
17808	0	3	0
17809	0	2	0
17810	0	2	0
17811	0	6	0
17812	0	8	0
17813	0	1	1
17815	0	42	0
17900	0	8	0
17901	0	2	0
17902	0	6	0
17903	1	17	4
17904	18	8	15
17905	0	3	0
17906	0	5	0
17907	2	3	0
17908	0	10	0
17909	73	62	5
17910	0	3	0
17911	0	9	0
17913	13	17	2
17914	24	90	10
18000	0	7	0
18001	5	6	7
18002	6	12	1
18003	0	29	4
18006	2	6	0
18007	0	7	0
18008	0	1	0
18009	38	145	30
18010	8	34	44
18012	6	27	6
18013	2	4	0
18014	0	7	0
18015	0	12	0
18100	0	13	0
18101	0	11	0
18102	26	7	12
18104	0	1	1
18105	0	20	0
18106	0	7	0
18107	0	1	0
18108	6	1	0
18109	0	2	0
18110	0	5	0
18111	34	9	5
18112	0	3	0
18113	10	30	6
18114	0	5	0
18115	4	30	3
18200	0	9	0
18201	0	1	0
18203	0	2	0
18206	0	529	0
18207	6	3	0
18208	0	8	0
18209	0	1	0
18211	0	19	0
18212	23	9	2
18213	0	11	0
18214	0	8	0
18215	0	5	0
18300	0	7	0
18301	0	4	0
18302	0	1	0
18303	0	1	0
18304	0	73	0
18305	7	16	0
18306	0	8	0
18307	0	2	0
18308	0	4	0
18311	0	10	0
18315	0	2	0
18400	10	15	8
18401	0	5	0
18402	0	4	0
18403	1	0	7
18405	2	28	2
18406	0	1	0
18407	0	7	0
18408	0	1	0
18409	8	31	1
18410	3	15	3
18411	0	3	0
18412	13	7	1
18413	0	13	0
18414	0	16	0
18415	0	13	0
18500	0	10	0
18502	20	0	4
18505	0	1	0
18507	31	3	0
18508	0	5	0
18509	15	11	2
18510	0	9	0
18511	1	8	3
18512	0	33	0
18513	0	24	0
18514	0	1	0
18515	0	29	0
18600	0	5	0
18601	18	1	1
18602	0	15	0
18603	8	6	0
18604	0	3	0
18605	12	50	1
18606	0	3	0
18607	0	23	0
18608	0	3	0
18609	0	32	0
18610	1	76	0
18611	0	4	0
18612	0	1	0
18615	0	1	0
18700	0	2	0
18701	0	3	0
18702	0	2	0
18703	0	2	0
18705	0	1	0
18706	0	9	0
18707	0	1	0
18708	2	2	0
18709	0	1	0
18710	0	1	0
18711	0	4	0
18712	0	5	2
18714	0	21	0
18800	0	5	0
18801	14	5	16
18802	0	9	0
18803	0	1	0
18804	0	13	0
18805	13	1	2
18806	0	5	0
18807	2	21	2
18809	54	10	0
18810	1	5	1
18811	0	27	0
18812	16	9	4
18814	0	4	0
18815	140	138	44
18900	0	2	0
18901	5	15	2
18902	0	2	0
18903	3	1	0
18904	0	1	0
18905	0	12	0
18906	4	13	6
18907	3722	1172	994
18908	5	6	3
18909	2	26	0
18911	0	2	0
18912	8	15	1
18913	0	0	15
18914	4	16	0
18915	0	5	0
19000	1	4	0
19001	243	6	0
19002	0	1	0
19003	0	3	0
19004	0	26	0
19007	0	4	0
19008	0	5	0
19009	0	1	0
19010	0	12	0
19011	0	7	0
19013	0	7	0
19014	0	1	0
19015	0	3	0
19100	0	2	0
19101	0	16	1
19102	0	5	0
19103	8	7	0
19104	0	2	0
19105	2	1	0
19107	53	14	5
19108	0	13	3
19109	0	1	0
19110	1	51	183
19111	0	2	0
19112	0	15	0
19113	41	5	0
19114	0	28	0
19115	0	23	0
19200	31	116	58
19201	0	7	0
19202	0	3	0
19203	0	9	0
19204	0	6	0
19206	0	4	0
19208	0	1	3
19209	0	8	0
19210	0	5	0
19211	0	8	0
19212	0	1	0
19300	1	6	0
19301	0	6	0
19302	0	7	0
19303	4	2	3
19304	17	1	13
19305	0	8	0
19306	0	8	0
19307	0	5	0
19308	0	7	0
19309	0	2	0
19310	0	8	1
19311	0	25	0
19313	0	2	0
19314	0	1	0
19315	0	12	0
19400	0	5	0
19401	0	5	0
19403	0	1	0
19404	0	3	0
19406	1	1	0
19409	60	16	7
19410	0	1	0
19411	0	12	0
19412	0	4	0
19413	2	8	7
19414	0	14	0
19415	0	5	0
19500	0	2	0
19501	0	9	0
19502	0	7	0
19503	0	6	0
19504	0	27	0
19505	9	371	6
19506	0	1	1
19507	10	41	3
19509	0	4	0
19512	0	13	0
19513	0	7	1
19514	0	11	0
19515	0	6	1
19600	6	13	1
19601	0	8	1
19602	3	1	0
19603	0	8	0
19604	29	1	0
19606	0	21	14
19607	5	16	1
19608	0	4	0
19609	0	5	0
19610	1	6	1
19611	38	8	0
19612	22	4	0
19613	0	1	0
19614	0	12	1
19615	0	3	0
19700	0	8	0
19701	0	7	0
19702	0	1	0
19703	30	227	14
19705	16	5	0
19706	0	3	0
19707	0	7	0
19708	0	2	0
19709	0	2	0
19710	417	274	24
19711	2	43	0
19712	0	237	0
19713	0	39	0
19714	0	7	0
19715	5	6	0
19801	14	10	3
19802	0	1	0
19804	0	2	0
19805	0	4	0
19806	0	64	4
19807	0	1	0
19809	135	37	10
19810	0	2	0
19812	0	4	0
19813	0	28	0
19815	0	2	0
19901	0	1	0
19903	0	7	0
19904	0	1	0
19905	0	2	0
19907	0	11	0
19908	0	4	0
19909	0	1	0
19911	0	6	0
19913	0	24	10
19914	18	49	8
19915	0	11	0
20000	0	70	0
20001	12	3	3
20002	2	9	0
20003	0	70	0
20004	0	11	0
20005	1573	18	4
20006	0	7	0
20007	8	1	0
20008	1	2	1
20009	0	1	0
20010	73	26	13
20011	0	19	0
20012	3	0	0
20013	0	6	0
20014	0	73	0
20015	0	4	0
20100	0	5	1
20101	0	72	0
20102	0	3	1
20104	14	105	4
20106	0	3	0
20107	0	4	0
20108	0	9	0
20111	0	6	0
20112	0	6	0
20113	0	5	0
20114	0	20	0
20115	61	126	8
20200	0	1	0
20201	0	4	0
20202	0	4	0
20203	0	4	0
20204	0	2	0
20205	11	6	7
20206	0	100	0
20208	23	14	5
20209	0	21	0
20210	0	4	0
20211	0	7	0
20212	0	2	0
20213	0	10	0
20214	0	1	0
20215	0	15	0
20301	0	3	0
20302	0	34	0
20304	0	6	0
20305	0	15	0
20308	0	8	0
20309	30	11	0
20310	0	1	0
20311	0	4	0
20312	101	22	13
20313	0	4	0
20314	0	147	0
20315	0	2	0
20400	0	7	0
20401	1	13	0
20402	0	8	0
20403	0	8	0
20405	0	9	0
20406	1	27	0
20407	0	3	0
20409	0	12	0
20410	4	9	0
20412	0	2	0
20413	0	6	0
20414	3	28	0
20415	0	5	0
20500	2	6	0
20502	0	4	0
20503	0	2	0
20504	0	10	0
20505	0	13	0
20506	0	9	0
20507	0	5	0
20508	0	2	0
20509	0	3	0
20510	0	5	0
20511	0	1	0
20512	0	36	0
20514	0	1	0
20515	0	2	0
20600	0	9	0
20601	0	2	0
20603	0	2	0
20604	0	2	0
20605	0	3	0
20606	7	2	0
20607	0	10	0
20608	1	4	2
20609	0	2	0
20611	0	18	0
20612	0	23	0
20613	0	2	0
20614	0	1	0
20615	0	13	0
20700	0	9	0
20701	5	17	0
20703	0	3	0
20707	0	13	0
20708	0	9	0
20709	0	6	0
20710	8	1	1
20712	0	2	0
20713	26	31	24
20714	0	68	0
20715	0	2	0
20800	0	1	0
20801	0	5	0
20802	8	12	1
20803	0	2	0
20804	9	5	1
20805	31	6	0
20806	23	16	2
20807	6	1	2
20808	0	6	0
20809	0	5	0
20810	0	2	0
20811	0	3	0
20812	2	3	1
20813	3	1	0
20814	0	3	0
20815	0	29	0
20900	0	15	0
20901	0	16	0
20902	6	8	9
20903	0	1	0
20904	7	3	1
20905	0	25	0
20906	0	50	0
20907	0	1	0
20909	1	0	0
20910	0	3	0
20912	0	2	0
20913	0	1	0
20915	0	5	0
21000	0	13	0
21001	1	0	0
21002	1	11	0
21003	0	21	0
21005	0	5	0
21006	0	4	0
21007	0	4	0
21008	25	8	39
21009	0	3	0
21010	1	2	0
21011	1	5	2
21012	9	2	1
21013	0	1	0
21014	0	20	1
21015	0	1	0
21101	0	5	0
21102	0	21	0
21103	0	3	0
21104	0	1	0
21105	6	12	1
21106	3	5	5
21107	0	3	0
21108	0	4	0
21109	0	1	0
21110	0	2	0
21111	12	0	0
21112	0	18	0
21114	1	3	0
21115	0	3	0
21201	0	11	0
21202	15	11	1
21203	0	3	0
21204	6	11	1
21205	0	22	0
21206	0	17	0
21207	0	3	0
21208	0	2	0
21209	0	12	1
21210	0	11	0
21211	0	10	0
21213	0	4	0
21214	1	1	1
21215	0	2	0
21300	0	5	0
21301	11	101	0
21302	3	15	7
21304	1	9	0
21305	0	8	0
21307	1	0	0
21308	26	19	2
21310	3	4	5
21311	4	3	1
21313	0	3	0
21314	53	13	6
21315	15	59	8
21400	0	4	0
21402	0	3	0
21404	0	10	0
21405	17	14	9
21406	0	11	0
21407	0	1	0
21408	0	2	0
21409	0	8	0
21412	0	74	0
21413	0	7	0
21415	0	13	0
21500	0	2	0
21501	0	20	0
21502	0	4	0
21504	6	0	1
21506	0	4	0
21507	9	24	3
21508	0	75	0
21509	0	1	0
21510	0	27	0
21512	28	20	5
21513	1	16	0
21514	0	2	0
21515	0	1	0
21600	0	72	0
21601	0	3	0
21602	0	7	0
21604	0	3	0
21605	5	2	1
21606	12	20	5
21607	0	4	0
21608	0	15	0
21609	0	6	0
21610	0	2	0
21611	0	10	0
21612	8	4	6
21613	2	2	0
21614	0	5	0
21615	9	3	0
21700	0	13	0
21701	0	24	0
21702	0	9	0
21703	23	6	2
21704	16	2	3
21705	0	1	0
21706	0	15	0
21707	9	75	7
21708	4	0	0
21709	1	1	2
21710	11	17	0
21711	3	3	0
21712	0	1	0
21713	0	2	0
21800	0	1	0
21801	0	11	0
21802	0	14	0
21803	0	9	0
21805	5	2	0
21806	23	3	6
21807	0	5	0
21808	0	37	0
21809	0	1	0
21810	7	13	0
21811	2	0	0
21812	0	6	0
21813	0	1	0
21814	0	2	0
21815	1	22	1
21900	1	24	0
21901	0	1	0
21903	0	7	0
21904	2	7	2
21905	0	1	0
21907	79	243	8
21908	0	4	0
21909	2	5	0
21910	4	9	0
21911	0	43	0
21912	3	1	0
21914	15	21	20
22000	0	20	0
22001	0	4	0
22002	9	38	0
22003	0	1	0
22004	0	1	0
22005	14	3	10
22006	24	184	4
22007	0	4	0
22008	0	4	0
22009	0	6	0
22010	0	13	0
22011	257	186	56
22012	0	1	0
22013	0	5	0
22014	0	6	0
22015	0	111	0
22100	0	2	0
22101	0	1	0
22103	1	28	0
22104	1	1	2
22105	13	0	0
22108	0	10	0
22109	179	27	23
22110	7	38	6
22112	0	2	0
22113	0	14	0
22114	19	1	1
22115	0	8	0
22201	5	2	0
22202	6	7	0
22203	0	1	0
22204	0	4	0
22205	0	1	0
22206	47	4	0
22207	0	15	0
22208	0	10	0
22209	53	175	10
22211	0	1	0
22212	0	3	0
22215	0	8	0
22300	0	3	0
22303	0	3	0
22305	0	3	0
22307	0	8	0
22308	0	1	0
22309	0	2	0
22310	0	4	0
22312	0	4	3
22313	0	8	0
22314	3	145	7
22315	0	5	0
22400	6	6	1
22401	0	6	0
22402	0	4	0
22404	0	3	0
22405	0	15	0
22406	0	5	0
22409	0	1	0
22410	0	2	0
22411	0	1	0
22412	0	4	0
22413	0	1	0
22414	0	9	0
22415	1	0	0
22500	0	5	0
22501	4	11	0
22503	11	0	0
22504	0	4	0
22505	0	1	0
22506	0	3	0
22507	0	4	1
22508	0	1	0
22509	0	19	0
22510	1	88	3
22512	0	3	0
22514	0	2	0
22515	1	3	1
22600	0	12	0
22601	29	15	10
22602	0	38	0
22603	0	1	0
22604	0	1	0
22605	9	3	0
22606	0	8	0
22607	0	3	0
22608	2	3	0
22609	0	2	0
22610	30	172	28
22611	0	3	0
22612	0	1	0
22613	14	12	2
22614	0	3	0
22615	0	1	0
22700	0	10	0
22701	1	0	0
22703	0	5	0
22704	0	10	0
22705	0	4	0
22706	0	4	0
22707	6	15	6
22708	0	1	0
22709	0	2	0
22710	0	3	0
22711	0	4	0
22712	22	10	7
22713	0	21	0
22714	0	2	0
22800	7	85	2
22801	0	1	0
22802	0	1	0
22803	0	14	0
22804	0	7	0
22805	0	6	0
22807	0	29	0
22808	0	1	0
22809	0	4	0
22810	0	1	0
22811	0	4	9
22812	0	3	0
22813	0	5	0
22814	0	1	0
22815	0	2	0
22900	0	2	0
22901	0	9	0
22902	1	2	1
22903	1	3	0
22905	0	1	0
22906	0	2	0
22907	0	12	0
22908	36	323	18
22909	0	12	0
22910	3	22	0
22911	0	2	0
22912	0	6	0
22913	21	1	2
22915	0	1	0
23000	24	22	8
23001	0	5	0
23002	0	2	0
23003	0	2	0
23004	0	1	0
23005	0	4	0
23006	12	17	16
23007	24	8	8
23008	0	2	0
23009	0	25	0
23010	0	3	0
23012	33	8	9
23013	7	2	1
23015	7	3	0
23101	4	1	1
23102	0	4	0
23103	1	68	0
23104	0	9	0
23105	0	3	0
23106	0	1	0
23107	1	2	2
23109	0	9	0
23110	7	2	0
23111	0	62	0
23112	0	1	0
23113	2	0	0
23114	0	8	0
23115	0	5	0
23200	4	0	1
23201	0	1	0
23202	0	1	0
23203	0	5	0
23205	0	1	0
23206	53	122	5
23208	7	0	0
23209	0	2	0
23210	0	6	0
23211	0	10	0
23212	1	0	1
23213	48	15	18
23214	0	23	0
23215	0	5	0
23300	23	1	0
23301	0	6	0
23302	0	13	0
23303	0	2	0
23304	16	93	12
23305	657	13	18
23306	0	6	0
23307	0	6	0
23308	0	10	2
23309	0	5	0
23312	0	1	0
23313	0	1	0
23314	0	4	0
23315	19	1	7
23400	16	4	8
23401	0	9	0
23402	0	12	0
23403	0	1	0
23404	3	3	0
23405	1	5	2
23406	0	1	0
23407	0	4	0
23408	4	17	0
23409	0	5	0
23410	0	3	0
23411	0	5	0
23412	0	4	0
23413	6	3	0
23414	0	8	0
23415	0	3	1
23500	0	6	0
23501	0	1	0
23502	0	2	0
23503	0	1	0
23504	0	18	0
23505	1	2	0
23506	0	8	0
23507	0	3	0
23509	0	1	0
23510	0	3	0
23511	0	2	0
23512	8	11	3
23513	17	72	43
23514	38	0	7
23515	147	216	41
23600	0	22	0
23602	0	1	0
23603	1	18	1
23604	5	11	32
23605	0	17	0
23606	0	7	0
23607	0	1	0
23608	0	1	0
23609	0	4	0
23610	28	4	2
23612	2	5	4
23614	0	2	0
23615	0	1	0
23700	0	3	0
23701	0	3	0
23702	0	5	0
23703	0	7	0
23704	0	12	0
23705	6	5	5
23706	0	38	0
23707	0	1	0
23708	0	7	13
23709	0	2	0
23710	3	71	0
23711	0	4	0
23713	0	1	0
23714	0	3	0
23800	11	2	4
23801	0	1	0
23802	0	3	0
23803	0	4	0
23804	0	1	0
23806	0	6	0
23807	0	9	0
23808	0	3	0
23809	0	9	0
23810	0	3	0
23811	0	20	0
23812	14	4	8
23813	11	17	2
23814	0	2	0
23815	2	9	1
23900	0	14	0
23901	0	2	0
23902	0	5	0
23903	0	20	0
23905	3	18	2
23906	0	3	0
23907	0	1	0
23908	2	3	0
23909	0	2	0
23910	6	18	0
23911	254	7	1
23912	0	2	0
23913	0	2	0
23914	0	13	0
23915	0	2	0
24000	1	32	1
24001	0	3	0
24002	0	6	0
24004	0	7	0
24005	0	3	0
24006	0	2	0
24007	0	2	0
24008	0	8	0
24009	0	4	0
24010	0	8	0
24011	0	33	0
24012	134	73	35
24013	0	38	0
24014	68	244	18
24015	0	18	0
24100	0	3	0
24101	0	6	0
24102	0	3	0
24103	0	3	0
24104	0	1	0
24105	0	5	0
24106	0	6	0
24107	0	4	0
24108	5	1	1
24109	0	2	0
24111	0	11	0
24112	0	68	0
24113	0	16	0
24114	0	2	0
24115	0	1	0
24200	0	6	0
24201	0	5	0
24204	1	0	0
24205	0	1	0
24206	5	16	1
24207	13	4	3
24208	5	6	2
24209	0	1	0
24210	0	8	0
24211	0	7	0
24212	4	16	1
24213	2	8	4
24214	6	7	0
24215	0	2	0
24300	0	7	0
24301	18	12	1
24302	62	5	0
24303	0	12	0
24304	0	3	0
24305	0	3	0
24306	0	14	0
24308	2	5	0
24309	23	41	1
24310	0	74	0
24311	0	9	0
24312	28	4	7
24313	280	178	261
24314	0	1	0
24315	0	35	3
24400	0	1	0
24401	1	0	0
24402	1	2	6
24403	0	2	0
24404	1	26	1
24405	0	1	0
24406	29	13	0
24408	4	8	2
24409	0	1	0
24411	0	1	0
24412	1	3	0
24413	0	6	0
24414	7	1	1
24415	21	4	2
24500	0	8	0
24501	0	13	0
24502	0	26	0
24503	4	14	1
24504	0	13	0
24505	0	1	0
24506	0	1	0
24507	0	1	0
24508	1	3	1
24509	1	1	0
24510	0	3	0
24511	0	8	0
24512	0	2	0
24513	0	1	0
24514	1	22	0
24515	0	3	0
24600	0	9	0
24601	0	1	0
24602	0	4	0
24603	0	4	0
24604	0	5	0
24605	0	1	0
24607	0	7	0
24608	0	17	1
24609	1	36	2
24610	0	1	0
24611	11	2	0
24612	0	20	2
24613	0	2	0
24614	0	7	0
24615	0	30	0
24700	0	2	0
24701	0	8	0
24702	0	1	0
24703	0	7	0
24704	0	4	1
24705	0	29	0
24706	0	7	0
24707	0	21	0
24708	0	28	0
24709	0	33	0
24710	0	4	0
24711	0	2	0
24712	3	11	2
24715	11	4	0
24800	0	4	0
24801	0	1	0
24802	40	9	9
24803	9	7	1
24804	0	12	0
24805	0	10	0
24806	0	37	0
24807	0	9	0
24808	0	2	0
24809	0	1	0
24810	0	1	0
24811	0	29	0
24812	0	11	0
24813	5	3	0
24814	0	6	2
24901	0	2	2
24902	5	2	1
24903	0	17	0
24904	1	1	0
24906	2	3	0
24907	0	1	0
24908	0	37	0
24909	8	1	1
24911	0	11	0
24912	1	0	0
24914	0	47	0
25000	0	2	0
25001	0	18	0
25002	0	19	0
25003	0	2	0
25005	0	2	0
25006	0	1	1
25007	0	2	0
25008	0	1	0
25009	32	0	2
25010	0	4	0
25011	12	4	5
25013	0	55	0
25014	2	4	1
25015	0	4	0
25100	0	3	0
25101	3	0	1
25102	0	2	0
25103	0	1	0
25104	2596	251	347
25107	0	12	0
25108	0	1	0
25110	0	17	0
25111	3	3	2
25112	0	2	0
25113	0	112	0
25114	1	16	1
25200	0	13	0
25201	2	21	2
25202	0	5	0
25203	0	7	0
25204	0	7	0
25205	0	5	0
25206	0	13	0
25207	1	26	0
25208	0	4	0
25209	0	11	0
25210	0	18	0
25211	0	3	0
25212	0	5	0
25214	0	12	0
25301	46	22	2
25302	0	1	0
25303	0	1	0
25304	7	0	4
25305	2	2	10
25307	0	1	0
25308	3	25	1
25309	0	21	0
25310	16	4	5
25311	0	2	0
25312	0	9	0
25313	26	2	1
25314	3	0	2
25315	0	8	0
25400	0	2	0
25401	33	28	6
25402	0	1	0
25403	19	2	8
25404	0	10	0
25405	0	1	0
25406	0	7	0
25407	0	24	0
25408	5	8	4
25409	0	3	0
25411	4	0	0
25412	0	7	0
25413	0	16	0
25415	0	2	0
25501	10	25	1
25503	85	9	16
25504	0	2	0
25505	0	3	0
25506	0	1	0
25507	0	11	0
25508	3	0	2
25509	0	1	0
25510	0	5	0
25512	0	1	0
25513	0	2	0
25514	0	1	0
25515	0	1	0
25600	1353	1230	78
25601	0	2	0
25602	0	4	0
25603	0	9	0
25604	1	1	0
25606	9	3	3
25607	59	200	11
25608	0	13	0
25609	1	10	0
25610	0	4	0
25611	1	149	260
25612	0	7	0
25613	0	3	0
25614	9	5	5
25615	0	5	0
25701	9	5	7
25702	0	1	0
25704	9	15	0
25705	0	21	0
25706	5	115	1
25707	93	51	6
25708	0	18	0
25709	0	7	0
25710	0	6	0
25711	0	21	0
25713	0	2	0
25714	0	1	0
25715	0	2	0
25800	102	90	48
25802	1	13	1
25804	0	47	0
25805	0	1	0
25806	0	9	0
25807	5	7	1
25808	5	24	12
25809	0	5	0
25810	0	2	0
25811	0	1	0
25812	0	4	0
25813	0	2	0
25814	0	4	0
25900	0	1	0
25901	0	1	0
25902	0	2	0
25903	1	100	1
25904	0	9	0
25905	0	3	1
25906	0	59	0
25908	0	5	0
25909	0	5	0
25910	8	4	0
25912	77	26	39
25913	0	3	0
25915	1	4	0
26000	0	1	0
26001	0	40	1
26002	0	254	0
26004	0	1	0
26006	0	2	0
26007	44	231	8
26008	0	17	0
26009	0	4	0
26010	7	26	0
26011	5	22	2
26013	0	19	0
26014	0	7	0
26015	2	19	0
26101	0	13	0
26102	0	1	0
26104	1	0	0
26105	1	32	0
26106	0	8	0
26107	0	4	0
26108	0	2	0
26109	0	6	0
26110	11	1	0
26111	0	18	1
26112	0	42	0
26113	5	11	1
26114	0	2	0
26115	0	9	0
26200	0	44	0
26201	0	1	0
26202	0	2	0
26203	697	342	118
26204	10	9	0
26205	0	3	0
26206	0	20	0
26208	0	2	0
26210	11	25	4
26211	7	28	1
26212	0	7	0
26214	2	5	0
26215	0	4	0
26300	25	0	0
26302	0	5	0
26303	0	4	0
26304	0	2	0
26305	1	5	0
26308	0	72	0
26310	0	2	0
26311	0	3	0
26313	2	1	4
26314	0	2	0
26315	0	20	0
26400	0	1	0
26401	2	1	0
26402	0	2	0
26403	0	2	0
26404	0	6	0
26405	0	1	0
26406	41	40	0
26407	3	10	1
26408	0	1	0
26409	0	15	0
26410	0	4	0
26411	0	8	0
26412	0	61	0
26415	0	136	0
26500	0	1	0
26501	0	2	0
26502	0	2	0
26504	5	1	1
26505	0	2	0
26506	0	15	2
26507	0	1	0
26508	12	9	2
26509	0	4	0
26510	0	1	0
26511	0	3	0
26512	0	8	0
26515	0	26	0
26600	0	13	0
26602	4	22	2
26603	0	8	0
26604	0	19	0
26605	0	3	0
26606	0	2	0
26607	0	3	0
26608	1	5	0
26609	0	2	0
26610	0	28	2
26611	0	3	0
26612	0	13	0
26613	1	1	1
26614	0	4	0
26615	0	7	0
26700	163	693	133
26701	0	9	0
26702	0	2	0
26703	0	49	0
26704	0	15	0
26705	250	102	98
26706	0	1	0
26707	0	4	0
26708	5	7	0
26709	3	6	4
26710	0	7	0
26711	0	1	0
26712	0	3	0
26715	74	12	16
26801	0	49	0
26802	0	2	0
26803	1	12	0
26804	0	49	1
26805	0	141	0
26806	0	22	0
26807	42	3	4
26808	0	7	0
26810	0	2	0
26811	0	14	2
26812	0	4	0
26813	0	16	0
26814	91	12	12
26815	0	3	0
26900	8	46	1
26901	0	1	0
26903	0	1	0
26904	0	3	0
26905	1	12	1
26906	0	1	0
26907	12	31	2
26908	2	6	1
26909	126	67	97
26910	0	8	0
26911	0	13	0
26912	0	0	1
26913	1	5	6
26915	0	7	0
27000	0	6	0
27001	1	2	1
27002	2	6	0
27003	2	4	0
27004	0	1	0
27005	0	5	0
27007	0	3	0
27008	0	4	0
27009	0	4	0
27010	1	24	0
27011	2	58	0
27012	17	152	16
27013	0	3	0
27015	0	4	0
27100	26	74	5
27101	0	9	0
27102	48	66	32
27103	0	4	0
27104	0	3	0
27105	15	22	0
27106	0	1	0
27107	0	2	0
27108	0	28	4
27111	2	6	0
27112	0	1	0
27113	5	0	2
27114	0	6	0
27115	0	50	0
27200	0	1	0
27201	0	5	1
27202	0	3	0
27204	1	0	0
27205	2	0	0
27206	0	6	0
27207	0	1	0
27208	0	16	0
27209	10	4	7
27210	5	0	11
27211	18	9	0
27212	0	21	0
27213	2	1	1
27214	14	12	0
27215	6	6	6
27300	0	6	1
27302	0	71	0
27303	0	7	0
27304	0	43	0
27306	2	12	0
27307	0	485	0
27308	1	2	0
27309	0	2	0
27310	0	1	0
27311	0	1	0
27313	0	6	0
27314	0	4	0
27400	1	4	0
27403	0	7	0
27405	10	5	0
27406	0	6	0
27407	13	13	1
27410	0	3	0
27411	0	1	0
27412	0	2	0
27413	0	2	0
27414	0	11	0
27415	4	27	3
27500	70	14	6
27502	27	106	19
27503	0	13	0
27504	0	1	0
27505	0	1	0
27506	1	22	3
27507	0	59	0
27508	4	14	2
27509	0	15	0
27510	0	13	0
27511	0	1	0
27512	0	45	0
27513	0	2	0
27514	0	5	0
27515	0	82	0
27600	0	31	0
27601	22	262	22
27602	16	3	1
27603	4	7	1
27604	4	0	0
27606	0	7	0
27607	5	2	0
27608	0	11	0
27609	0	2	0
27610	0	1	0
27611	0	2	0
27612	0	4	0
27613	0	6	0
27614	11	2	0
27700	4	2	3
27701	0	16	0
27702	0	3	0
27703	0	17	0
27704	1	0	0
27705	0	5	0
27706	0	7	0
27707	2	16	0
27709	0	9	0
27710	84	191	24
27711	0	2	0
27712	55	274	15
27714	3	11	0
27715	4	25	66
27800	21	3	0
27801	0	4	1
27802	0	6	0
27803	0	3	0
27805	1	6	0
27806	0	6	2
27807	0	2	0
27808	4	16	4
27809	0	9	0
27810	21	29	20
27811	20	3	0
27812	0	7	4
27813	0	6	0
27900	0	3	1
27901	0	4	0
27902	0	7	0
27903	0	4	0
27904	0	3	0
27905	56	10	8
27906	0	1	0
27907	4	6	1
27908	0	1	0
27909	0	4	0
27910	0	6	0
27911	4	5	0
27912	20	188	3
27914	7	21	0
27915	0	3	0
28000	0	1	0
28001	0	25	0
28002	4	22	1
28003	0	321	0
28006	0	2	0
28009	0	1	0
28010	0	3	0
28011	0	2	0
28012	0	7	0
28013	4	31	0
28014	26	3	9
28015	0	5	0
28100	0	3	8
28101	0	2	0
28102	0	6	1
28103	0	5	0
28106	0	4	0
28107	0	2	0
28108	0	9	0
28109	23	4	5
28110	2	2	0
28111	0	4	0
28112	0	14	0
28114	2	3	0
28115	0	1	0
28200	0	7	0
28201	0	1	0
28202	335	3	2
28203	0	4	0
28204	0	1	0
28206	0	2	0
28207	0	1	0
28208	0	2	0
28209	7	157	1
28211	3	3	0
28212	0	224	7
28213	0	1	0
28214	0	8	0
28215	1	9	0
28300	0	1	0
28301	0	2	0
28302	1	13	0
28303	0	1	0
28304	0	67	0
28306	0	2	0
28307	3	5	5
28308	0	7	0
28309	0	3	0
28310	0	4	0
28311	0	5	0
28313	0	1	0
28314	0	5	0
28315	0	16	0
28400	0	3	0
28401	0	1	0
28402	0	17	2
28403	5	22	1
28406	4	1	0
28407	2	90	0
28408	6	4	0
28409	0	2	0
28410	0	29	0
28411	0	6	0
28412	0	1	0
28415	0	12	0
28500	0	8	0
28501	0	14	0
28503	0	1	0
28504	1	4	0
28506	10	9	2
28507	0	3	0
28508	0	55	0
28509	0	8	0
28510	0	5	0
28511	0	1	0
28512	0	6	0
28514	0	60	3
28515	0	19	0
28602	0	15	1
28603	0	11	0
28604	2	3	0
28605	0	1	0
28606	0	17	0
28607	97	14	20
28608	0	13	0
28609	0	3	2
28610	6	1	0
28611	0	2	0
28612	1	1	0
28613	0	1	5
28615	1	4	0
28700	0	2	0
28701	0	1	0
28702	0	8	0
28703	0	0	1
28704	1	7	0
28705	2	6	1
28707	0	6	0
28708	0	4	0
28709	0	1	0
28711	3	4	0
28713	18	11	2
28714	0	5	0
28715	0	1	0
28800	0	4	1
28801	0	4	0
28803	0	11	0
28804	0	1	0
28805	0	16	0
28806	0	3	0
28807	0	4	0
28809	0	234	0
28810	4	4	1
28811	0	2	0
28812	0	2	0
28813	0	3	0
28814	0	2	0
28815	7	21	2
28900	0	8	0
28901	4	28	4
28902	4	8	5
28903	0	84	0
28904	0	3	0
28906	0	16	4
28907	1	30	1
28908	0	11	0
28909	0	19	0
28910	0	16	0
28911	0	4	0
28912	0	5	0
28913	0	2	0
28914	0	10	0
28915	0	10	0
29000	0	6	0
29001	0	1	0
29002	0	5	0
29003	0	2	0
29004	1	14	0
29005	9	101	3
29006	4	5	1
29007	20	182	0
29008	1	4	11
29009	0	1	0
29010	0	39	0
29011	0	3	0
29012	0	1	0
29013	1	1	0
29014	0	3	0
29100	1	9	0
29101	0	21	0
29102	0	3	0
29103	0	6	0
29104	0	38	0
29105	5	1	0
29106	0	3	0
29107	0	2	0
29108	5	28	4
29109	0	7	0
29110	0	22	0
29111	5	46	4
29112	4	1	1
29113	0	13	0
29114	0	14	0
29115	0	3	0
29200	0	2	0
29201	0	1	0
29202	1	1	0
29203	0	3	0
29204	0	2	0
29205	0	8	0
29206	0	12	0
29207	0	2	0
29208	0	1	0
29210	0	1	0
29211	0	1	0
29212	3	3	0
29214	0	11	0
29215	0	241	0
29300	0	52	0
29301	0	14	0
29302	0	1	0
29304	0	6	0
29305	4	17	0
29306	0	3	0
29307	0	2	0
29308	34	83	15
29309	19	30	3
29310	20	35	4
29312	2	55	1
29314	0	2	0
29315	0	1	0
29400	0	6	0
29401	0	2	0
29403	0	5	0
29404	0	1	0
29405	1	10	0
29406	4	0	0
29407	0	3	0
29408	0	8	0
29409	2	6	4
29411	0	2	0
29412	4	12	2
29413	39	26	1
29414	0	1	0
29500	0	9	0
29501	14	5	1
29502	0	2	0
29503	10	12	0
29504	5	54	1
29505	0	1	0
29506	0	5	0
29507	0	8	0
29508	0	11	0
29509	0	32	0
29510	0	3	0
29511	12	5	0
29513	0	6	0
29515	1	8	0
29600	1	3	0
29601	0	7	0
29602	0	8	0
29604	0	0	1
29605	107	130	88
29606	91	113	13
29607	0	6	0
29608	2	27	0
29609	0	3	0
29610	0	2	0
29611	0	2	0
29612	0	11	1
29613	0	3	0
29614	1	4	0
29700	0	3	0
29701	0	4	0
29702	8	14	0
29703	0	4	0
29706	1	0	3
29709	0	10	0
29710	0	4	0
29711	0	44	0
29712	0	24	0
29713	0	20	0
29714	0	8	0
29715	5	33	14
29801	0	17	0
29802	1	11	1
29803	0	20	0
29804	0	30	0
29805	2	0	0
29806	0	2	1
29807	0	4	0
29808	0	3	0
29809	0	5	0
29810	33	46	29
29811	0	15	0
29812	4	5	0
29813	0	11	0
29900	0	7	85
29901	0	1	0
29902	0	12	0
29903	15	3	1
29904	29	24	8
29905	0	9	0
29906	97	18	93
29907	0	5	0
29908	0	13	0
29909	0	2	0
29910	0	2	0
29911	0	31	0
29912	208	720	47
29913	0	2	0
29914	34	4	3
29915	1	0	1
30000	0	2	0
30001	0	3	0
30002	0	74	0
30003	0	11	0
30005	0	2	0
30006	0	2	0
30007	0	23	0
30008	38	93	1
30010	0	2	0
30011	0	3	0
30012	0	3	0
30013	0	16	0
30014	0	3	0
30015	0	3	1
30100	1	0	1
30101	0	4	0
30102	0	33	0
30103	90	34	43
30104	0	4	0
30105	12	25	10
30106	0	23	0
30107	1	8	0
30108	0	1	0
30109	0	3	0
30110	0	4	0
30112	0	1	0
30113	0	5	0
30114	0	1	0
30115	17	58	2
30200	0	5	0
30201	0	5	0
30202	1	20	1
30203	0	2	0
30204	0	2	0
30207	0	1	0
30209	0	10	0
30210	7	18	0
30211	0	10	0
30213	0	15	0
30215	0	7	0
30300	22	92	15
30301	7	21	34
30302	0	12	0
30304	0	4	0
30305	1	25	0
30306	0	1	0
30307	6	56	6
30308	0	3	0
30309	15	12	0
30310	0	8	0
30311	0	7	0
30312	0	2	0
30313	0	11	0
30314	753	132	250
30315	0	17	0
30400	31	14	4
30401	0	1	0
30402	0	2	0
30404	0	2	0
30405	0	1	0
30406	0	7	0
30407	0	3	1
30408	1	1	1
30409	0	2	0
30410	0	5	0
30411	0	1	0
30412	0	6	0
30413	1	2	0
30414	0	57	0
30415	1	0	0
30500	0	1	0
30501	0	110	0
30502	0	2	0
30503	0	9	0
30504	0	11	0
30505	0	5	0
30506	0	7	0
30507	4	135	0
30508	13	7	2
30510	0	6	0
30511	1	23	0
30512	0	1	0
30513	7	11	1
30514	20	39	5
30515	0	18	0
30600	0	3	0
30601	0	23	0
30602	0	5	0
30603	1	5	0
30604	0	1	0
30605	0	3	0
30606	0	1	0
30607	0	5	0
30609	0	17	0
30610	0	127	0
30611	0	2	0
30612	0	325	0
30613	0	5	0
30614	3	8	0
30615	0	1	0
30700	23	7	0
30703	54	50	10
30704	1	10	1
30705	0	22	0
30707	0	10	3
30710	23	5	1
30711	0	2	0
30713	0	9	0
30715	46	23	4
30800	0	4	0
30802	5	2	3
30803	0	4	0
30804	0	3	0
30806	0	2	0
30807	0	5	0
30808	0	7	0
30809	7	8	0
30810	0	1	0
30811	0	2	0
30814	0	4	0
30815	3	2	1
30900	0	7	0
30901	0	5	1
30902	27	1	7
30903	1	2	0
30904	3	1	1
30905	1	5	0
30906	0	13	0
30907	10	1	0
30908	14	43	4
30909	0	2	0
30910	0	2	0
30911	0	8	0
30912	0	10	0
30913	0	5	0
30914	0	3	1
30915	1	2	1
31000	22	14	5
31001	6	10	2
31002	14	1	1
31003	45	3	0
31004	7	13	71
31006	5	8	11
31007	0	1	0
31008	0	5	0
31009	0	1	0
31010	0	2	0
31011	0	4	0
31012	12	1	0
31013	0	9	0
31014	0	4	0
31015	0	11	0
31100	2	1	0
31102	0	3	0
31103	0	1	0
31105	39	6	11
31106	0	13	0
31109	0	17	0
31110	0	32	0
31111	0	8	0
31112	0	2	0
31114	0	6	0
31115	0	1	0
31200	0	1	0
31203	6	3	0
31204	0	13	0
31205	0	115	0
31207	2	0	0
31208	0	3	0
31209	0	18	0
31210	0	3	2
31211	0	13	1
31212	0	2	0
31214	0	41	0
31215	1	0	1
31300	0	1	0
31301	0	3	0
31302	0	1	0
31303	30	40	13
31304	0	1	0
31305	0	2	0
31308	0	9	0
31310	2	0	0
31311	0	3	0
31313	99	459	249
31314	0	4	0
31315	2	93	0
31400	0	7	0
31401	0	4	0
31402	0	2	0
31403	1	21	1
31404	0	2	0
31405	0	2	0
31406	11	52	2
31407	0	2	0
31408	2	26	1
31409	0	5	0
31410	0	3	0
31411	0	3	0
31412	0	7	0
31415	0	19	0
31500	0	5	0
31501	0	14	0
31502	0	21	0
31503	99	107	21
31504	0	56	2
31505	1	33	13
31506	0	11	0
31507	0	38	0
31508	0	2	0
31512	0	3	0
31513	0	3	0
31515	14	14	2
31600	0	7	0
31601	72	19	22
31602	0	8	0
31604	5	15	1
31605	0	16	0
31606	0	4	0
31607	0	34	0
31608	0	6	0
31609	0	2	0
31610	0	8	0
31611	0	6	0
31612	0	18	1
31614	0	1	0
31615	0	1	0
31700	0	1	0
31701	0	24	0
31702	0	21	0
31704	0	1	0
31705	28	23	5
31706	0	4	0
31707	4	2	0
31709	0	2	1
31710	0	9	0
31711	0	5	0
31712	0	1	0
31713	0	5	0
31715	0	5	0
31800	0	3	0
31801	0	2	0
31802	7	1	0
31803	0	2	0
31804	0	1	0
31805	0	18	0
31806	0	4	0
31807	0	7	0
31808	0	9	1
31809	0	1	0
31810	6	5	1
31811	2	4	4
31812	0	4	0
31813	0	6	0
31814	0	5	0
31815	0	20	0
31900	0	6	0
31901	0	1	0
31903	3	13	0
31904	4	4	7
31909	0	3	0
31910	0	3	0
31911	0	22	0
31912	53	29	28
31913	1	11	0
31914	0	9	0
31915	0	3	0
32000	0	3	0
32001	1	0	1
32003	0	1	0
32004	4	2	3
32007	0	2	0
32008	284	76	40
32009	0	44	0
32010	0	1	0
32011	0	27	0
32012	0	1	0
32013	0	2	0
32014	12	63	0
32100	0	4	0
32101	0	2	0
32102	0	4	0
32103	9	5	0
32104	0	3	1
32105	0	2	0
32106	0	2	0
32107	0	5	4
32108	0	2	0
32109	7	126	3
32110	96	852	34
32111	8	11	1
32112	16	2	1
32113	4	18	0
32114	0	10	0
32200	0	5	0
32201	0	7	0
32202	0	67	0
32203	0	2	4
32205	5	20	4
32206	2	9	0
32207	0	2	0
32208	81	94	14
32209	0	31	0
32210	21	60	4
32211	0	2	0
32212	8	2	18
32213	0	1	0
32214	184	11	16
32215	0	16	0
32300	0	8	0
32301	0	3	0
32302	6	11	0
32303	0	4	0
32304	1	3	0
32305	0	85	0
32306	0	1	0
32308	0	5	0
32309	0	10	0
32310	23	4	2
32311	0	8	0
32312	0	1	0
32313	0	18	0
32314	0	27	0
32315	2	7	0
32400	0	8	0
32402	0	2	0
32403	0	2	0
32404	0	1	0
32406	20	61	4
32407	0	3	0
32408	0	1	0
32409	0	15	1
32411	0	3	1
32412	4	8	0
32413	2	13	1
32415	0	1	0
32500	0	33	1
32501	0	34	0
32502	0	6	0
32503	0	9	0
32504	0	15	0
32505	0	3	0
32506	0	3	0
32507	0	6	0
32508	0	16	0
32509	14	46	11
32510	0	1	0
32511	0	4	0
32512	0	12	0
32513	7	14	1
32514	24	32	6
32515	0	2	0
32600	0	2	0
32601	7	0	0
32603	0	22	0
32604	0	2	0
32606	11	9	0
32607	0	9	0
32608	0	11	0
32609	0	1	0
32610	0	2	0
32611	9	30	3
32612	0	2	0
32613	8	207	2
32614	7	7	0
32700	0	2	0
32701	0	8	0
32702	0	2	0
32703	0	4	0
32704	0	11	0
32705	0	2	0
32706	0	1	0
32707	0	37	0
32708	0	1	0
32709	10	14	1
32800	0	1	0
32801	9	39	0
32802	1	12	0
32803	8	69	4
32804	1	3	0
32805	0	11	0
32806	0	9	0
32808	0	16	0
32809	2	3	0
32810	0	2	0
32811	0	10	0
32812	0	15	0
32813	1	2	0
32814	1	2	0
32815	0	2	0
32900	6	17	1
32901	0	13	0
32902	0	1	0
32903	0	31	0
32904	0	1	0
32905	0	1	0
32906	0	1	0
32907	48	13	7
32908	0	9	0
32909	0	3	0
32910	0	15	0
32911	0	10	0
32912	2	4	0
32913	0	3	0
33001	0	2	0
33002	6	16	0
33003	0	9	0
33004	0	1	0
33005	0	2	0
33006	0	2	0
33007	0	1	2
33008	0	71	0
33009	0	1	0
33010	0	1	0
33011	6	71	0
33013	0	2	0
33014	0	7	0
33015	1	3	0
33100	0	35	0
33101	0	115	0
33102	0	6	0
33103	0	1	0
33104	7	18	1
33105	0	23	0
33107	0	3	0
33108	0	2	0
33109	2	2	1
33110	0	19	0
33112	0	1	0
33114	0	137	2
33200	0	28	0
33201	0	3	0
33202	3	19	9
33203	0	1	0
33204	0	5	0
33205	0	2	0
33206	0	90	0
33207	0	4	0
33209	0	1	0
33210	0	6	0
33215	0	14	0
33300	0	3	0
33301	0	1	0
33302	1	5	0
33303	0	197	0
33304	1	6	2
33305	0	2	0
33306	0	7	0
33308	0	3	0
33309	5	8	0
33310	0	3	0
33311	0	5	0
33313	0	1	0
33400	12	254	0
33401	0	14	0
33402	0	15	2
33403	4	1	0
33404	10	10	1
33405	10	41	3
33407	3	0	0
33408	3	5	1
33409	2	9	1
33410	0	3	0
33411	0	2	0
33412	0	5	0
33413	0	2	0
33414	0	1	0
33415	0	1	0
33500	0	5	0
33501	0	4	0
33502	0	4	0
33503	0	7	0
33505	0	21	0
33506	0	5	0
33507	0	5	0
33508	0	2	0
33509	3	2	0
33510	176	58	57
33511	0	1	0
33512	0	5	0
33513	0	4	1
33514	28	5	2
33515	0	3	0
33600	0	2	2
33601	3	7	1
33602	0	2	0
33603	0	1	0
33604	0	5	0
33605	0	3	0
33606	14	117	3
33607	0	1	0
33609	0	2	0
33610	0	1	0
33611	2	0	0
33612	0	6	0
33613	0	2	0
33614	0	2	0
33615	0	15	1
33700	0	3	0
33701	0	2	0
33702	19	7	19
33703	0	1	0
33704	112	3	0
33705	0	3	0
33706	0	3	0
33707	0	4	0
33708	0	1	0
33709	0	9	0
33710	0	2	0
33712	0	2	0
33713	0	1	0
33715	12	24	6
33800	0	25	0
33801	0	8	0
33802	0	3	0
33803	11	4	29
33804	15	12	2
33805	0	2	0
33806	0	5	0
33807	6	1	5
33808	0	7	0
33810	0	12	0
33811	0	1	0
33812	0	29	0
33814	0	94	0
33815	0	115	0
33900	0	1	0
33902	0	1	0
33903	0	0	1
33904	10	7	0
33906	0	64	0
33907	7	1	0
33908	0	3	0
33909	1	13	0
33910	0	7	0
33911	0	1	0
33912	0	2	0
33913	0	4	0
33915	0	1	0
34000	2	4	1
34001	0	2	0
34002	0	1	4
34003	0	2	0
34004	0	5	0
34005	0	5	0
34006	0	3	0
34007	0	4	0
34008	0	24	0
34009	0	1	0
34010	0	2	0
34011	0	7	0
34012	0	5	0
34014	0	63	0
34015	0	1	0
34100	0	16	0
34101	0	5	0
34102	0	8	0
34103	0	4	0
34106	0	7	0
34107	3	40	0
34108	0	10	0
34110	0	6	0
34111	0	2	0
34113	0	6	0
34114	0	2	0
34115	1	0	12
34200	3	21	3
34202	0	5	0
34204	0	10	0
34205	0	1	0
34206	0	2	6
34207	5	46	0
34208	0	5	0
34210	0	1	0
34211	0	19	0
34212	25	19	2
34213	253	22	44
34215	0	5	0
34300	0	5	0
34301	1	8	0
34302	38	24	21
34304	0	3	0
34306	1	27	0
34307	2	10	1
34308	0	10	0
34309	0	10	0
34310	0	29	0
34311	0	14	0
34313	19	0	1
34315	0	21	0
34400	0	1	0
34401	0	2	0
34402	0	1	0
34403	0	2	0
34404	0	3	0
34406	78	32	15
34407	6	6	1
34408	2	3	0
34409	4	1	0
34410	0	7	0
34411	0	7	0
34412	0	3	1
34413	0	3	0
34414	0	3	0
34415	0	1	0
34500	0	3	0
34501	0	4	0
34502	0	1	0
34503	0	2	0
34504	48	8	16
34505	0	7	0
34506	0	5	0
34507	0	3	0
34508	0	13	0
34510	0	4	0
34511	0	3	0
34513	0	37	0
34514	16	63	15
34515	0	3	0
34600	0	6	0
34601	0	1	0
34602	1	1	0
34603	0	3	0
34604	0	3	0
34605	0	1	1
34606	0	113	0
34607	0	7	2
34608	2	2	0
34609	0	6	0
34610	0	1	0
34611	0	2	0
34612	0	1	0
34613	0	3	0
34614	0	3	0
34700	0	6	0
34701	0	59	0
34702	15	53	2
34704	0	7	0
34705	0	7	0
34706	0	1	0
34707	0	3	0
34708	0	4	0
34709	0	5	0
34710	0	8	0
34712	0	2	0
34713	0	1	0
34714	0	6	0
34715	0	6	0
34800	0	2	0
34801	0	8	0
34802	28	25	4
34803	9	0	0
34804	0	2	0
34805	286	84	30
34806	0	5	0
34807	0	25	0
34808	6	10	1
34809	0	1	0
34810	1	5	0
34811	0	2	0
34812	0	1	0
34814	0	2	0
34815	24	7	3
34900	0	4	0
34901	0	4	0
34902	0	12	0
34903	0	5	0
34904	0	1	0
34905	0	2	0
34906	0	4	0
34908	10	8	1
34909	0	4	0
34910	0	2	0
34911	7	1	1
34913	4	54	2
34914	0	2	0
34915	0	5	0
35000	0	5	0
35001	4	11	0
35003	0	1	0
35004	459	40	5
35005	0	14	0
35006	1	9	21
35007	0	3	0
35008	0	9	0
35009	0	21	0
35010	0	4	0
35011	0	22	0
35012	23	3	1
35013	0	2	0
35014	0	3	0
35015	0	23	0
35100	0	1	0
35102	16	1	4
35103	1	3	0
35104	0	11	0
35105	13	92	14
35106	22	3	4
35107	0	18	0
35109	0	4	0
35110	0	1	0
35112	0	1	0
35113	0	1	0
35114	40	3	15
35115	0	3	0
35200	0	1	0
35201	2	19	1
35202	0	1	0
35203	1	2	0
35204	131	4	0
35206	0	3	0
35207	0	2	0
35208	12	3	0
35209	0	3	0
35210	5	1	0
35211	50	8	7
35212	4	2	5
35213	12	1	4
35214	0	9	0
35215	7	5	1
35300	11	6	3
35302	0	5	0
35303	3	128	29
35304	0	6	0
35305	0	3	0
35307	0	16	0
35311	1	8	0
35312	0	2	0
35313	0	13	0
35314	0	3	0
35315	3	6	0
35401	0	5	0
35402	0	6	0
35404	1	7	0
35405	0	1	0
35406	0	1	0
35407	0	9	0
35408	0	3	0
35409	0	8	0
35410	51	1	31
35411	0	3	0
35412	0	5	0
35413	3	35	1
35414	0	4	0
35500	0	12	1
35501	5	13	0
35502	0	70	0
35503	0	1	0
35505	4	0	1
35506	0	6	0
35507	0	4	0
35508	1	1	0
35509	0	3	0
35510	0	3	0
35511	52	12	70
35512	61	56	16
35513	0	2	0
35514	0	1	0
35515	2	2	1
35600	5	15	0
35601	0	2	0
35602	0	4	0
35603	2	22	0
35604	0	1	0
35605	0	3	0
35606	5	3	0
35608	0	2	0
35609	0	11	0
35611	0	1	0
35612	4	3	1
35613	7	1	0
35614	0	4	0
35615	2	12	0
35700	0	1	0
35701	0	2	0
35702	216	61	18
35703	0	5	4
35704	0	42	0
35706	0	14	0
35707	0	7	0
35709	0	53	0
35710	0	18	1
35711	0	21	0
35712	0	5	0
35714	0	14	0
35715	0	2	0
35800	0	1	0
35801	0	2	0
35802	0	4	0
35803	328	209	116
35804	0	1	0
35805	0	46	0
35809	0	1	0
35810	4	1	0
35813	0	4	0
35814	2	1	0
35815	0	1	0
35901	0	4	0
35902	0	4	0
35903	1	1	31
35904	0	1	0
35905	0	5	0
35907	0	1	0
35908	0	1	0
35909	0	3	0
35911	0	2	0
35912	0	6	0
35913	0	1	0
35914	5	7	9
35915	0	0	1
36000	0	3	0
36001	0	1	0
36003	0	13	0
36004	0	17	0
36005	0	5	0
36006	3	18	3
36007	7	64	4
36008	0	1	0
36009	0	5	0
36010	0	77	0
36011	0	4	0
36012	2	12	0
36013	0	4	0
36015	0	14	0
36100	0	26	0
36101	1	1	0
36102	0	6	0
36103	13	17	3
36104	2	11	1
36105	0	1	0
36106	0	5	0
36107	1	7	0
36108	2	2	4
36110	0	8	0
36111	0	3	0
36112	0	5	0
36113	18	11	5
36114	0	3	0
36115	0	11	0
36200	1	10	0
36201	4	0	1
36202	0	5	0
36203	19	2	2
36204	0	16	0
36207	22	3	2
36209	0	7	0
36211	0	2	0
36212	0	18	0
36213	0	11	0
36214	0	4	0
36215	0	5	0
36300	0	1	0
36301	0	3	0
36302	27	22	2
36303	2	2	0
36304	0	3	0
36305	0	8	0
36306	1	3	0
36307	0	17	0
36308	0	3	0
36309	1	4	0
36311	0	1	0
36312	0	5	0
36313	34	44	0
36314	4	21	3
36315	0	14	0
36400	0	1	0
36401	2	5	0
36402	0	2	0
36404	0	6	0
36406	24	2	0
36407	0	1	0
36408	0	2	0
36409	0	7	0
36410	0	7	0
36411	0	6	0
36412	9	2	2
36413	0	19	0
36414	9	6	1
36415	3	5	4
36500	0	11	0
36501	1	51	0
36502	2	11	0
36503	0	17	0
36505	5	186	0
36507	1	4	0
36508	0	12	0
36509	0	1	0
36510	0	3	0
36511	0	2	0
36513	0	6	0
36515	0	3	0
36600	0	11	0
36603	0	3	0
36605	0	3	0
36606	0	5	7
36607	7	0	1
36609	0	5	0
36610	0	6	0
36611	100	246	76
36612	0	16	0
36614	0	2	0
36615	0	2	0
36700	0	2	0
36701	14	5	3
36703	0	1	0
36704	0	1	0
36705	12	113	23
36706	1	3	0
36707	0	3	0
36708	0	8	0
36709	0	11	0
36710	0	4	0
36711	0	31	0
36712	0	9	0
36714	0	12	0
36715	0	7	0
36800	0	3	0
36801	0	30	0
36802	0	1	0
36803	0	7	0
36804	1	1	5
36805	5	0	5
36806	0	13	0
36807	0	248	0
36809	0	5	0
36810	0	5	0
36811	11	112	4
36812	0	1	0
36813	0	11	0
36814	0	4	0
36815	0	3	0
36901	0	4	0
36902	8	0	0
36903	0	40	0
36904	0	8	0
36905	0	14	0
36906	0	7	0
36908	0	2	0
36909	0	5	0
36910	0	9	0
36911	2	3	1
36912	0	24	0
36913	0	73	0
36914	0	1	0
36915	0	2	0
37000	0	133	1
37001	3	30	2
37002	0	1	0
37003	0	2	0
37004	0	10	0
37005	44	67	22
37006	4	5	0
37007	0	64	0
37009	0	25	0
37011	0	4	1
37012	0	24	0
37013	0	2	0
37014	0	2	0
37015	0	2	0
37100	27	1	2
37101	6	0	10
37102	0	35	1
37103	0	7	0
37104	0	4	0
37106	0	2	0
37108	0	1	0
37109	0	7	0
37110	0	2	0
37111	0	3	4
37112	28	20	9
37113	0	3	0
37114	0	17	0
37115	0	3	0
37200	1	1	0
37201	3	0	0
37202	0	4	0
37203	0	7	0
37204	0	17	0
37205	0	1	0
37206	1	8	1
37207	423	5	1
37208	8	0	1
37209	0	145	0
37210	17	1	1
37211	9	11	1
37212	0	1	0
37213	0	8	0
37214	0	23	0
37215	1	11	0
37300	0	4	0
37301	53	174	15
37302	26	30	6
37303	6	17	0
37304	20	27	26
37305	0	2	0
37307	14	4	1
37308	0	15	0
37309	0	1	0
37310	0	2	0
37311	0	2	2
37312	0	6	0
37313	0	28	0
37314	5	57	6
37315	1	3	2
37400	4	3	3
37401	0	2	0
37402	0	5	0
37403	1	2	1
37405	2	10	0
37406	0	2	0
37407	16	2	5
37408	0	4	0
37409	0	3	0
37410	0	21	0
37411	0	21	0
37413	0	13	0
37414	3	2	5
37415	8	10	0
37500	1	9	1
37501	0	11	0
37502	0	12	1
37503	0	4	0
37505	1	3	1
37506	0	16	0
37507	11	14	3
37508	0	1	0
37509	2	1	0
37510	19	57	5
37511	0	7	2
37512	0	40	0
37513	1	6	0
37514	0	7	0
37515	0	8	0
37600	0	2	0
37601	0	1	0
37602	8	22	3
37603	1	24	3
37604	0	3	0
37606	4	11	1
37607	0	1	0
37609	23	9	10
37610	0	148	0
37611	17	26	1
37612	2	16	0
37613	0	1	0
37614	0	6	0
37615	1	3	0
37700	0	4	0
37701	0	10	0
37702	0	43	1
37704	0	2	0
37706	0	1	0
37707	0	15	0
37708	0	1	0
37709	10	0	1
37710	0	6	0
37711	2	52	6
37712	0	8	0
37713	0	3	0
37714	0	17	0
37715	0	1	0
37800	0	9	0
37801	0	5	0
37802	0	3	0
37803	0	3	0
37804	0	3	0
37807	0	4	0
37809	0	14	0
37810	0	20	0
37811	0	3	0
37813	0	21	0
37814	0	1	0
37815	748	32	69
37900	0	4	0
37901	0	23	0
37902	3	6	17
37903	0	7	0
37905	0	61	0
37906	0	2	0
37907	0	37	1
37908	6	259	20
37909	0	4	0
37910	0	1	0
37911	0	1	0
37912	0	1	0
37913	0	6	0
37914	0	4	0
37915	0	1	0
38000	0	3	0
38001	0	7	0
38002	0	9	0
38004	0	2	0
38005	0	1	0
38006	2	66	0
38007	0	10	0
38009	1	2	0
38010	8	60	1
38011	0	5	0
38012	3	4	0
38013	17	11	5
38014	0	32	0
38101	16	15	0
38102	0	2	0
38103	0	4	0
38104	0	6	0
38105	1	13	4
38106	0	18	0
38107	0	3	0
38108	2	0	0
38109	0	5	0
38110	0	0	1
38111	0	1	0
38112	68	40	7
38113	23	26	20
38114	0	7	0
38115	0	1	0
38200	478	131	346
38202	0	1	0
38203	8	3	0
38206	0	1	0
38208	0	2	0
38210	92	51	66
38211	0	1	0
38214	3	2	1
38215	0	1	0
38300	2	3	0
38301	0	5	0
38302	0	4	0
38303	3	0	0
38304	1	18	102
38305	0	7	0
38306	0	3	0
38307	0	1	0
38308	0	8	0
38310	24	94	7
38312	0	41	0
38313	0	1	0
38314	0	8	0
38315	0	2	0
38400	0	2	0
38403	0	37	0
38404	0	2	0
38405	0	3	0
38407	7	5	2
38408	7	7	0
38410	41	28	35
38412	0	18	0
38413	0	2	0
38414	36	327	116
38415	2	8	0
38500	0	9	0
38501	0	1	0
38502	0	1	0
38503	0	4	0
38505	9	17	4
38506	0	5	0
38507	0	2	0
38508	0	3	0
38509	0	1	0
38510	0	2	0
38511	0	7	0
38512	0	33	0
38513	0	4	0
38514	0	1	0
38515	0	1	0
38600	0	2	0
38601	0	1	0
38602	0	7	0
38603	0	6	0
38604	0	6	0
38605	0	5	0
38607	0	6	0
38608	0	25	0
38609	123	79	22
38610	0	5	0
38613	17	11	3
38614	0	2	0
38615	0	6	0
38701	0	15	0
38702	0	7	0
38704	0	1	0
38705	0	2	0
38706	0	4	0
38707	0	4	0
38708	32	22	61
38709	0	1	0
38710	1	18	2
38711	0	1	0
38712	22	109	7
38713	0	10	0
38714	17	3	1
38715	0	8	0
38800	0	1	0
38801	0	1	0
38802	0	1	0
38803	9	2	1
38804	0	1	0
38805	0	1	0
38806	1	13	1
38807	2	8	0
38808	3	6	0
38809	0	4	0
38810	9	10	0
38812	0	2	0
38813	0	17	0
38814	0	6	0
38900	0	8	2
38902	0	15	0
38903	16	3	3
38904	0	8	0
38905	0	1	0
38906	0	29	0
38908	1	1	0
38909	0	23	0
38911	90	1	5
38912	0	21	0
38913	8	10	0
38914	23	31	3
38915	0	5	0
39000	0	3	0
39001	0	1	0
39002	14	12	7
39003	1	4	2
39004	0	6	0
39005	14	1	1
39006	0	7	0
39007	7	176	2
39008	0	22	0
39009	0	5	0
39010	0	7	0
39011	1	1	0
39013	16	22	1
39014	0	3	0
39015	15	35	31
39100	0	13	0
39102	0	8	0
39103	7	57	0
39104	0	26	0
39105	0	4	0
39106	0	1	0
39108	0	39	0
39109	5	9	0
39110	42	84	38
39111	0	2	0
39112	0	1	0
39113	0	3	0
39114	0	23	0
39115	0	12	0
39201	9	7	0
39202	0	1	0
39203	0	8	0
39204	0	1	0
39205	0	1	0
39206	0	2	0
39207	0	1	0
39208	0	9	0
39209	0	32	0
39210	0	14	0
39211	76	9	4
39212	0	2	0
39213	4	20	4
39214	0	1	0
39215	0	3	0
39300	0	15	0
39301	0	8	0
39302	0	49	0
39303	0	1	0
39305	2	1	4
39306	0	11	1
39307	0	18	0
39308	0	3	0
39310	0	5	0
39311	0	14	0
39312	0	5	0
39313	0	67	0
39314	58	37	1
39315	0	8	0
39400	0	9	0
39401	0	55	0
39402	6	0	1
39403	0	4	0
39406	18	8	40
39407	5	5	0
39408	0	2	0
39409	0	2	0
39410	1	3	0
39412	0	3	0
39413	0	0	4
39415	0	2	0
39500	8	425	0
39501	0	40	2
39503	0	11	0
39504	0	7	0
39505	90	141	61
39508	0	2	0
39509	1	7	0
39510	12	11	0
39511	0	4	0
39512	0	9	0
39513	0	2	0
39515	0	6	0
39600	0	3	0
39601	0	2	0
39602	0	4	0
39603	0	2	0
39604	4	0	1
39605	0	10	0
39606	14	4	5
39607	25	4	6
39608	0	9	0
39609	0	1	0
39610	0	2	0
39611	0	9	0
39612	0	16	0
39613	0	14	0
39614	0	47	0
39615	0	1	0
39700	0	3	0
39701	0	122	0
39702	0	1	0
39703	0	4	0
39704	0	9	0
39705	19	7	3
39706	0	1	0
39707	0	1	0
39708	0	2	0
39709	3	51	17
39710	0	2	0
39711	2	19	0
39712	5	4	1
39713	0	4	0
39714	0	3	0
39715	0	6	0
39800	1	2	2
39802	0	19	0
39803	1	0	0
39804	1	16	0
39805	0	3	0
39806	0	3	0
39807	0	12	0
39808	4	5	2
39809	0	35	0
39810	5	3	1
39811	0	2	0
39812	0	1	0
39813	0	4	0
39814	0	22	0
39815	0	1	0
39900	5	10	0
39901	0	6	1
39902	0	2	0
39903	0	15	0
39904	0	138	0
39905	6	1	0
39906	0	4	0
39907	0	7	0
39908	5	26	16
39909	0	6	0
39910	0	10	0
39911	0	3	0
39913	0	15	0
39914	0	5	0
39915	24	198	8
40000	0	3	0
40001	0	10	0
40002	23	10	0
40003	0	9	0
40004	4	1	0
40005	1	1	0
40006	0	1	0
40007	0	2	0
40008	0	4	0
40009	0	6	0
40010	0	3	0
40011	0	1	0
40012	2	14	0
40014	0	25	0
40015	21	34	0
40100	0	3	0
40101	0	26	0
40102	1	2	0
40103	0	1	0
40104	1	2	2
40106	0	3	0
40107	1	2	8
40108	155	156	16
40109	13	67	1
40110	0	2	0
40111	0	9	0
40112	2	3	0
40113	2	2	1
40114	0	1	0
40115	0	1	0
40200	12	5	0
40201	1	1	0
40202	0	15	0
40203	0	3	0
40204	0	26	1
40205	0	2	0
40206	9	13	4
40208	0	5	0
40209	0	1	0
40210	18	7	5
40211	0	1	0
40212	0	3	0
40213	23	1	4
40214	0	5	0
40215	14	17	3
40300	0	1	0
40301	0	6	0
40302	2	3	1
40303	12	46	13
40304	0	22	0
40305	0	3	0
40306	10	113	33
40307	0	1	0
40308	0	1	0
40309	0	20	0
40310	0	4	0
40311	0	6	0
40312	0	1	0
40313	0	1	0
40314	3	13	9
40315	0	8	0
40400	0	1	0
40401	0	2	0
40402	0	2	0
40403	0	70	0
40404	11	7	0
40405	0	2	0
40406	4	2	2
40407	20	17	1
40408	0	2	0
40410	1	27	0
40414	1	11	0
40415	0	4	0
40500	1	21	0
40501	2	1	1
40502	0	31	0
40503	0	1	0
40504	2	5	3
40505	0	1	0
40507	0	11	0
40508	0	1	0
40509	0	19	0
40510	123	70	61
40511	0	2	0
40512	0	2	0
40514	54	187	13
40515	0	2	0
40600	0	1	0
40601	0	2	0
40602	0	9	0
40603	0	6	2
40604	2	0	1
40605	1	6	4
40606	0	3	0
40607	4	4	1
40608	0	2	0
40610	1	2	0
40611	0	3	0
40612	0	1	0
40613	0	3	0
40614	1	2	0
40615	0	1	0
40700	0	6	0
40701	0	12	0
40703	0	5	0
40704	58	7	0
40705	0	6	0
40706	108	21	20
40707	0	2	0
40708	0	3	0
40709	12	4	3
40710	3	5	1
40711	0	14	0
40712	0	47	0
40713	0	1	0
40714	0	2	0
40715	3	3	1
40800	0	10	0
40801	208	23	4
40802	0	2	0
40803	1	5	0
40804	24	104	6
40805	9	14	19
40806	0	7	0
40807	0	21	0
40808	0	13	0
40809	0	3	0
40810	0	1	0
40811	0	1	0
40812	0	2	0
40813	0	26	0
40814	0	13	0
40815	0	26	0
40900	3	6	0
40901	0	4	0
40902	15	46	3
40903	0	2	0
40904	0	9	0
40905	0	6	0
40906	0	6	0
40907	0	12	0
40908	0	3	0
40909	5	4	7
40910	0	100	0
40912	0	1	0
40913	3	2	1
40914	0	45	0
40915	0	0	1
41000	0	11	1
41002	0	0	2
41003	2	13	0
41004	0	40	0
41005	21	14	8
41006	24	61	8
41007	0	4	0
41008	0	7	0
41009	1	7	1
41010	21	30	7
41011	0	1	0
41013	5	13	0
41014	0	1	0
41101	11	5	4
41102	0	2	0
41103	0	0	2
41104	8	34	1
41105	0	14	0
41106	0	7	0
41107	0	51	0
41108	0	1	0
41109	0	58	0
41111	0	3	0
41112	367	148	332
41113	0	1	0
41200	0	5	0
41201	0	1	0
41202	0	1	0
41204	106	449	25
41205	0	3	0
41206	5	9	0
41207	145	8	30
41208	0	17	0
41209	0	4	0
41211	0	2	0
41213	0	32	0
41214	2	1	2
41215	10	13	1
41300	0	6	0
41301	0	1	0
41302	0	1	0
41304	0	5	0
41305	0	2	0
41306	132	17	39
41307	0	4	0
41308	0	3	0
41309	0	5	0
41311	0	1	0
41312	45	85	13
41313	0	7	0
41315	0	7	0
41400	0	6	4
41402	1	1	0
41403	6	9	1
41404	0	1	0
41405	0	8	1
41406	0	7	0
41407	38	4	0
41408	0	6	0
41409	0	2	0
41410	0	1	0
41411	0	3	0
41412	0	11	0
41413	0	3	0
41414	0	1	0
41415	0	4	0
41500	0	26	0
41501	0	1	0
41502	1337	29	5
41503	0	6	0
41505	0	2	0
41506	0	2	1
41507	0	4	0
41508	0	8	0
41509	0	21	0
41510	0	4	0
41511	0	14	0
41512	0	14	0
41513	0	3	0
41514	0	5	0
41515	0	10	0
41600	9	3	0
41601	8	4	0
41602	0	12	0
41603	0	3	0
41604	0	3	0
41605	0	10	0
41606	0	7	0
41607	0	2	0
41608	0	1	0
41609	1	0	0
41610	0	2	0
41611	0	3	0
41612	0	3	0
41613	0	11	0
41614	0	2	0
41615	0	5	3
41700	11	0	2
41701	0	3	0
41702	0	1	0
41704	1	0	1
41706	8	64	1
41707	0	4	0
41708	0	1	0
41709	24	88	1
41712	0	5	0
41713	0	10	0
41714	0	1	0
41715	0	1	0
41801	0	3	0
41802	0	11	0
41803	0	1	0
41804	2	5	1
41805	0	5	0
41806	0	7	0
41807	0	11	0
41808	0	114	2
41809	0	1	0
41810	0	8	0
41811	0	1	0
41812	1	1	0
41813	0	2	0
41814	9	8	1
41815	0	2	0
41900	0	1	0
41902	0	8	0
41904	0	1	0
41905	19	34	16
41906	0	6	0
41907	0	109	0
41908	0	10	0
41909	3	1	0
41910	0	14	0
41911	0	10	0
41913	0	3	0
41915	3	60	3
42000	0	1	0
42001	0	4	0
42002	0	4	0
42004	13	68	5
42005	22	28	9
42006	24	6	7
42007	0	3	0
42008	0	15	0
42009	62	13	5
42010	0	37	0
42011	1	19	0
42012	0	4	0
42013	0	6	0
42014	0	18	0
42015	507	6	0
42100	117	38	13
42102	0	5	0
42103	31	3	9
42105	0	5	0
42106	0	16	0
42107	0	2	0
42109	0	1	0
42110	4	5	7
42111	8	80	3
42112	0	25	0
42113	0	3	0
42114	4	5	0
42115	0	5	0
42200	0	25	0
42201	0	8	0
42202	0	1	0
42203	0	1	0
42204	0	8	0
42205	0	1	0
42206	0	2	0
42207	0	2	0
42208	3	1	1
42209	4	3	1
42210	14	2	18
42211	0	1	0
42212	55	10	1
42213	0	4	1
42214	43	27	6
42215	0	3	0
42300	0	6	0
42303	0	1	0
42305	5	5	2
42306	0	13	0
42307	2	1	2
42308	0	16	0
42309	12	46	3
42310	4	37	1
42311	24	50	0
42312	0	12	0
42313	0	8	0
42314	2	3	1
42315	4	4	11
42400	0	11	0
42401	262	345	34
42402	0	21	0
42403	2	32	9
42404	0	36	0
42405	190	10	1
42406	0	1	0
42407	0	2	0
42408	0	8	0
42409	0	6	0
42410	5	6	0
42411	0	8	0
42412	0	9	1
42413	1	67	0
42414	0	5	0
42415	6	1	8
42500	0	4	0
42501	0	24	0
42503	0	2	0
42508	0	4	0
42509	0	2	0
42511	0	21	0
42512	0	3	0
42513	0	9	0
42514	0	1	0
42515	0	47	0
42600	0	1	0
42601	44	3	0
42602	8	1	0
42603	2	0	0
42604	0	17	0
42605	0	135	0
42606	0	3	0
42607	0	2	0
42608	7	4	1
42609	0	1	0
42610	7	83	3
42611	0	1	0
42612	1	2	0
42613	0	2	0
42614	0	2	0
42615	0	3	0
42700	0	7	0
42701	0	26	0
42702	1	4	0
42703	0	2	0
42704	1	8	0
42705	4	5	1
42706	0	6	0
42707	0	8	0
42709	5	23	4
42710	1	0	0
42711	0	17	0
42712	8	13	0
42713	0	13	0
42714	6	4	0
42715	36	11	30
42800	0	7	0
42801	4	46	0
42802	0	7	0
42803	0	3	0
42804	0	12	0
42805	5	43	1
42807	0	6	0
42808	2	4	0
42809	0	8	0
42810	0	23	0
42811	0	24	0
42812	0	2	0
42813	0	4	0
42814	7	10	1
42815	2	2	0
42900	13	0	0
42901	0	3	0
42902	0	8	0
42903	2	15	0
42904	21	5	5
42906	0	2	0
42907	5	3	16
42908	0	2	0
42909	0	3	0
42910	4	2	1
42911	0	1	0
42912	0	3	0
42913	0	3	0
42915	0	4	0
43000	0	1	0
43001	0	4	0
43002	0	2	0
43004	19	39	1
43006	0	7	0
43007	0	1	0
43009	2	12	0
43011	3	15	5
43012	0	1	0
43013	62	41	2
43014	0	7	0
43015	5	7	6
43100	0	7	0
43101	0	2	0
43102	0	2	0
43103	2	22	1
43104	0	2	0
43105	0	5	0
43106	0	3	0
43108	0	1	0
43109	0	11	0
43111	0	19	0
43112	0	14	1
43113	0	7	0
43114	0	1	0
43115	0	0	5
43200	11	34	1
43201	1	15	1
43202	0	1	0
43203	0	12	0
43204	0	10	0
43205	1	86	1
43207	0	1	0
43209	0	10	0
43211	0	4	0
43212	0	1	0
43213	0	13	0
43214	0	2	0
43215	15	127	8
43300	2	2	2
43301	0	2	0
43302	0	5	0
43303	0	5	0
43304	0	2	0
43307	0	11	0
43308	0	4	0
43309	0	22	0
43310	14	86	100
43311	4	5	10
43313	0	4	0
43314	0	2	0
43315	0	7	0
43400	38	5	5
43401	36	11	2
43402	1	2	1
43403	0	2	0
43404	0	4	0
43406	0	1	0
43407	0	14	0
43408	0	15	0
43409	0	2	0
43410	0	1	0
43411	1	0	0
43412	0	2	0
43413	0	12	0
43414	0	3	0
43415	0	3	0
43500	27	30	18
43501	2	24	0
43502	0	1	0
43503	0	11	0
43505	0	3	0
43506	0	16	0
43507	0	3	0
43508	0	3	0
43509	0	6	0
43511	0	4	0
43513	0	3	0
43514	0	59	0
43515	0	8	0
43600	0	2	0
43602	0	6	0
43603	0	2	0
43604	0	1	0
43605	0	6	0
43606	1	0	1
43607	3	52	4
43608	3	7	0
43609	0	1	0
43610	0	1	0
43611	0	8	0
43613	0	3	0
43614	0	3	0
43615	0	6	0
43700	0	11	0
43701	0	5	0
43702	49	86	12
43703	1	6	2
43704	0	1	0
43705	0	1	0
43706	125	44	15
43707	0	20	0
43709	0	21	0
43710	2	6	0
43711	26	17	6
43712	0	22	1
43714	33	16	14
43801	0	1	0
43802	77	165	175
43803	16	11	2
43804	0	2	0
43805	0	6	0
43806	11	0	17
43807	0	1	0
43808	11	48	26
43809	12	4	0
43810	3	30	1
43811	0	2	3
43812	0	8	0
43813	0	5	0
43814	41	6	0
43900	0	1	0
43901	0	3	0
43902	0	27	0
43903	0	1	0
43904	0	7	0
43905	74	21	2
43906	0	1	0
43907	0	1	0
43908	0	2	0
43909	0	3	0
43910	0	7	0
43911	0	3	0
43912	36	29	7
43913	2	12	0
43914	2	33	0
44000	0	3	0
44001	0	3	0
44002	0	1	0
44003	3	2	2
44004	0	15	0
44005	0	35	0
44006	0	1	0
44007	0	2	0
44009	0	24	0
44011	1	108	3
44012	0	2	0
44013	0	4	0
44014	0	69	0
44015	0	1	0
44100	0	9	0
44101	7	8	5
44102	0	35	0
44103	0	13	0
44104	2	4	0
44105	0	5	0
44107	1	1	0
44108	0	2	0
44110	0	7	0
44111	6	0	0
44112	0	2	0
44113	0	2	0
44114	2	0	0
44115	7	2	0
44200	6	3	0
44201	0	1	0
44202	0	4	0
44203	0	13	0
44204	0	19	0
44205	0	106	0
44206	0	2	0
44208	0	1	0
44209	0	2	0
44211	0	18	0
44213	0	1	0
44214	0	14	0
44215	0	6	0
44300	0	2	1
44301	0	2	0
44305	6	8	2
44306	13	17	1
44307	0	4	0
44309	0	3	0
44310	0	2	0
44311	0	5	0
44312	5	1	1
44314	0	2	0
44315	5	0	0
44400	0	4	0
44401	0	6	0
44402	0	1	0
44404	0	3	0
44405	0	2	0
44406	2	23	0
44408	0	2	0
44409	0	1	0
44412	0	6	0
44413	0	3	0
44414	0	15	0
44500	0	17	0
44501	0	2	0
44504	0	19	0
44505	0	3	0
44506	0	1	0
44507	0	5	0
44508	0	7	0
44509	0	6	0
44510	0	2	0
44512	0	7	0
44513	0	202	0
44514	0	12	0
44515	28	54	8
44600	0	6	0
44601	0	3	0
44603	28	12	27
44605	0	4	2
44606	1	13	0
44607	0	3	0
44608	0	1	0
44609	0	9	5
44610	0	1	0
44611	0	4	0
44612	0	9	10
44613	0	2	0
44614	0	2	1
44615	0	2	0
44700	0	2	0
44701	0	1	0
44702	16	13	2
44703	0	8	0
44704	0	2	0
44705	1	3	0
44706	162	811	35
44707	0	2	0
44708	1	14	0
44709	0	32	0
44710	0	4	0
44711	0	1	0
44712	75	9	27
44713	0	6	0
44714	0	14	0
44715	0	3	0
44801	0	10	0
44802	0	19	0
44803	0	3	0
44804	0	1	0
44805	41	40	135
44806	0	50	0
44807	0	2	0
44808	0	2	0
44809	0	5	0
44810	0	3	0
44811	0	4	2
44813	18	5	0
44814	0	105	2
44815	1	1	0
44900	1	20	0
44902	0	1	1
44903	6	1	1
44904	0	1	0
44905	0	46	0
44906	0	0	1
44907	0	6	0
44908	0	1	0
44909	0	1	0
44910	1	4	0
44912	0	12	2
44913	0	4	0
44914	0	2	0
44915	0	2	0
45000	0	9	0
45001	0	2	0
45002	0	3	0
45003	0	2	0
45004	0	12	0
45005	0	30	0
45006	0	2	0
45007	0	1	0
45008	0	9	0
45009	42	43	11
45011	0	1	0
45012	0	1	0
45013	0	4	0
45014	0	3	1
45015	0	3	0
45100	9	20	8
45101	11	9	0
45102	0	2	0
45103	0	3	0
45104	0	17	0
45105	0	4	0
45106	0	1	0
45107	0	4	0
45108	3	1	0
45109	0	4	0
45110	0	11	0
45112	0	2	0
45113	0	4	0
45200	0	3	0
45201	18	15	4
45202	0	1	0
45203	0	6	0
45204	0	2	0
45205	1	1	0
45207	0	3	0
45208	0	21	0
45209	5	8	1
45211	0	5	0
45212	2	1	0
45213	0	19	0
45215	0	1	0
45300	0	6	0
45301	3	8	0
45302	1	1	1
45303	0	1	0
45304	0	12	0
45305	0	2	0
45306	0	12	0
45307	0	43	0
45308	0	14	0
45309	0	8	0
45311	0	5	0
45312	63	0	5
45313	0	4	0
45314	0	27	0
45315	1	7	0
45400	0	29	0
45401	0	8	0
45402	0	3	0
45403	0	3	0
45404	40	112	8
45405	5	1	0
45406	0	0	2
45408	1	12	1
45409	0	1	0
45410	0	78	0
45411	1	9	0
45412	0	5	0
45414	0	17	0
45415	0	24	0
45500	0	1	0
45502	2	12	1
45503	171	141	112
45504	0	4	0
45505	0	109	0
45506	11	17	0
45507	9	24	0
45508	0	24	0
45509	0	2	0
45510	0	23	0
45511	1	17	0
45512	0	2	0
45513	0	19	0
45515	0	3	0
45600	1	1	1
45601	0	3	0
45602	2	2	1
45604	0	28	0
45605	0	47	0
45606	1	1	0
45607	646	355	222
45608	0	1	0
45609	0	4	0
45610	12	14	16
45611	1	13	1
45612	0	87	0
45614	9	14	2
45615	0	2	0
45700	0	4	0
45701	0	1	0
45702	7	15	1
45703	49	69	2
45704	0	113	0
45705	1	43	0
45706	0	6	0
45707	0	3	1
45710	0	8	0
45711	0	23	0
45712	43	56	6
45713	0	1	0
45714	0	52	0
45715	0	1	0
45800	1	75	2
45801	0	5	0
45802	0	1	0
45803	0	13	0
45804	0	2	0
45805	23	4	1
45806	0	6	0
45808	0	0	1
45809	20	22	6
45810	0	5	0
45812	4	2	3
45813	1	2	0
45814	0	12	0
45815	0	8	0
45900	2	10	1
45901	0	3	0
45902	236	37	57
45903	0	2	0
45904	1	0	2
45906	0	5	0
45907	0	36	0
45908	0	7	0
45909	0	2	0
45910	0	8	0
45912	0	6	0
45913	0	10	0
45914	0	1	0
46000	1	0	0
46001	0	4	0
46002	1	3	0
46004	0	14	0
46005	7	4	6
46006	0	8	0
46007	0	19	0
46008	0	6	0
46009	1	0	0
46010	0	5	0
46011	0	4	0
46012	0	2	0
46013	0	1	0
46014	0	1	0
46100	0	13	0
46101	0	8	0
46102	0	22	0
46103	0	3	0
46106	11	6	0
46108	0	5	0
46109	0	7	0
46110	2	23	0
46111	0	1	0
46112	0	30	0
46113	0	7	0
46114	0	3	0
46115	23	5	0
46200	0	15	0
46201	0	5	0
46202	0	11	0
46203	0	16	3
46204	0	1	0
46205	0	1	0
46206	0	2	0
46207	0	2	0
46208	0	1	0
46209	0	6	0
46210	0	37	0
46211	75	7	13
46212	6	35	1
46213	0	1	0
46214	35	4	0
46215	0	6	0
46300	0	5	0
46301	0	7	0
46302	0	2	0
46303	1	6	1
46304	5	8	0
46305	0	1	0
46306	1	12	0
46307	2	8	2
46308	3	22	1
46309	0	2	0
46310	21	0	1
46311	0	2	0
46313	2	7	0
46314	0	8	2
46315	0	22	0
46400	0	3	0
46402	0	2	0
46403	47	136	28
46404	3	8	0
46405	0	10	0
46408	0	10	0
46410	28	1	4
46411	0	1	0
46412	0	42	0
46415	2	11	5
46500	0	1	0
46501	0	10	0
46502	0	10	0
46503	5	3	1
46504	0	269	0
46505	0	3	0
46506	0	6	0
46507	0	9	0
46508	36	20	3
46510	0	60	0
46511	0	1	0
46512	1	21	0
46513	0	44	0
46514	0	8	0
46515	0	1	0
46601	0	1	0
46602	101	130	243
46603	8	1	3
46604	0	36	0
46605	0	3	0
46606	373	351	201
46607	0	2	0
46608	0	4	0
46609	0	41	0
46610	29	12	4
46611	0	2	0
46612	0	2	0
46613	0	14	0
46614	0	1	0
46615	0	11	0
46701	13	55	0
46702	0	8	0
46703	0	3	0
46704	0	5	0
46706	0	15	0
46707	1	4	0
46708	0	9	0
46709	0	1	0
46710	0	34	159
46711	0	1	0
46712	0	1	0
46713	0	3	0
46714	0	23	4
46715	0	2	0
46800	0	121	0
46801	0	2	0
46802	0	8	0
46803	0	13	0
46804	0	2	0
46806	0	1	0
46807	1	1	0
46808	0	2	0
46810	0	8	0
46811	0	6	0
46813	18	22	1
46814	0	7	0
46815	0	1	0
46900	0	1	0
46901	3	8	5
46902	0	20	0
46903	0	1	0
46904	1	4	1
46906	0	1	1
46907	0	2	1
46908	0	5	0
46910	8	5	0
46911	2	1	0
46912	33	13	11
46913	2	140	3
46914	106	7	2
46915	2	32	1
47000	0	2	0
47001	0	6	0
47002	0	9	0
47003	265	164	217
47004	0	1	0
47005	0	5	0
47006	5	7	2
47007	0	1	0
47008	0	50	0
47009	0	6	0
47010	0	3	0
47012	2	18	0
47013	0	4	0
47014	14	20	2
47100	2	4	0
47101	0	2	0
47102	0	16	0
47103	0	13	0
47104	0	3	0
47105	0	1	0
47107	8	12	12
47108	0	13	0
47110	0	10	0
47111	0	13	0
47112	0	2	0
47113	0	9	0
47114	0	2	0
47200	0	1	0
47201	0	2	0
47202	0	1	0
47204	0	4	0
47205	0	1	0
47207	14	13	0
47210	0	4	0
47211	1	0	1
47212	6	44	0
47214	2	5	0
47215	0	1	0
47302	0	4	3
47303	13	5	3
47304	3	29	0
47305	0	14	0
47306	1	2	0
47307	0	12	0
47308	0	1	0
47310	0	4	25
47311	0	2	5
47312	0	12	0
47313	245	92	1
47315	0	3	0
47400	0	2	0
47401	0	2	0
47402	0	11	0
47404	0	2	0
47405	0	198	0
47406	0	9	0
47407	0	7	0
47409	0	1	0
47410	1	5	0
47411	6	15	1
47412	23	15	9
47413	0	1	0
47415	5	24	0
47500	0	6	0
47501	0	5	0
47502	0	13	0
47503	0	2	0
47504	0	1	0
47505	17	13	2
47506	0	3	0
47507	0	2	0
47508	0	2	0
47509	0	2	0
47510	57	4	18
47511	0	4	0
47512	0	2	0
47513	87	6	3
47514	0	12	0
47515	0	19	0
47600	0	1	0
47601	0	4	0
47602	0	1	0
47603	6	2	0
47605	1	0	1
47606	0	2	0
47608	0	1	0
47609	0	38	3
47610	0	3	0
47611	2	3	2
47612	27	6	2
47613	0	8	0
47614	2	1	0
47615	0	11	0
47700	0	29	0
47701	3	5	1
47702	4	0	2
47703	0	2	0
47704	0	3	0
47705	0	5	0
47706	0	2	0
47707	0	66	0
47708	0	17	0
47709	3	0	0
47710	36	54	122
47711	0	37	0
47712	72	111	71
47713	0	6	0
47714	0	14	0
47715	0	6	0
47800	0	7	0
47801	11	24	1
47802	0	2	0
47803	0	1	0
47804	10	10	4
47805	0	10	0
47806	0	7	0
47808	0	4	0
47809	0	2	0
47810	0	6	0
47811	0	3	0
47813	0	2	0
47814	2	42	75
47815	18	65	72
47901	0	26	0
47903	3	0	0
47904	0	2	0
47905	0	4	0
47906	0	3	0
47907	0	42	0
47909	0	3	0
47910	0	1	0
47911	0	13	0
47912	0	10	0
47913	0	6	0
47914	0	3	0
48000	0	17	0
48002	0	2	0
48003	0	1	0
48004	3	6	0
48005	10	63	5
48006	0	10	0
48007	1	1	0
48008	0	4	0
48009	0	1	0
48010	190	127	96
48011	0	3	0
48012	0	3	0
48013	0	4	0
48014	0	6	0
48015	0	4	0
48100	0	7	0
48101	0	22	0
48102	0	15	0
48103	0	1	0
48104	0	5	1
48105	2	18	0
48106	2	2	6
48107	783	67	5
48108	0	55	0
48109	0	4	0
48110	0	5	0
48111	0	3	0
48113	0	4	0
48114	4	7	1
48115	0	8	0
48200	5	1	0
48201	17	6	0
48202	0	0	1
48203	0	1	0
48204	0	1	0
48205	0	4	0
48206	0	1	0
48207	0	5	0
48208	0	2	0
48209	0	14	0
48211	0	17	0
48212	0	22	0
48213	13	12	3
48215	0	9	0
48300	4	6	0
48301	0	8	0
48303	0	14	0
48304	0	49	0
48305	18	6	6
48306	0	21	0
48307	0	1	0
48308	5	4	0
48309	2	4	2
48311	3	3	1
48313	0	2	0
48315	2	14	5
48400	0	4	0
48401	0	4	0
48402	0	2	0
48403	4	7	0
48404	0	1	0
48405	0	31	0
48406	5	1	0
48407	0	1	0
48408	8	11	1
48409	1	0	1
48410	0	1	0
48411	0	135	2
48412	0	5	0
48413	0	2	0
48414	16	11	7
48500	0	16	0
48501	0	3	0
48502	0	8	0
48503	0	7	0
48504	0	148	0
48505	0	2	0
48506	0	10	0
48507	2	1	1
48508	0	5	0
48509	0	9	0
48510	8	28	2
48512	0	3	0
48513	4	50	2
48600	0	6	0
48601	0	3	0
48603	0	3	0
48604	0	3	0
48606	0	3	0
48607	13	5	0
48608	0	23	0
48610	0	24	0
48611	0	2	0
48612	10	7	8
48614	4	27	4
48615	1	146	0
48700	0	6	0
48701	0	7	0
48702	0	1	0
48703	0	4	0
48704	0	1	0
48705	0	1	0
48706	0	7	0
48708	0	3	0
48710	4	16	12
48713	0	5	0
48714	0	6	0
48715	0	1	0
48800	0	30	0
48801	0	71	0
48803	4	10	2
48804	4	6	1
48805	0	3	0
48806	0	5	0
48807	0	2	0
48808	0	6	0
48810	2	0	0
48811	5	26	0
48812	0	12	0
48813	135	277	126
48815	0	6	0
48900	0	3	0
48901	5	5	3
48902	1	0	0
48903	0	11	0
48904	1	5	0
48905	0	12	0
48906	0	1	0
48907	0	1	1
48908	0	9	0
48909	2	24	27
48910	20	0	5
48911	0	6	0
48912	0	1	0
48913	0	9	0
48914	0	276	0
48915	1	3	1
49000	6	0	3
49001	4	3	0
49002	0	11	0
49003	0	1	0
49004	0	1	0
49005	0	1	0
49006	0	3	0
49007	0	1	0
49008	0	4	0
49009	0	21	0
49010	0	5	0
49011	0	3	0
49012	0	4	0
49013	0	1	0
49014	0	6	0
49100	3	9	2
49102	0	6	0
49103	5	39	0
49104	0	2	0
49105	0	1	0
49106	0	18	0
49107	0	5	0
49108	3	2	6
49109	3	13	1
49110	0	1	0
49111	0	3	0
49112	0	3	0
49113	0	5	0
49114	0	1	0
49115	0	4	0
49200	0	68	0
49201	0	50	0
49202	10	7	2
49203	0	49	0
49204	0	1	0
49205	0	26	0
49206	0	1	0
49208	0	4	0
49209	0	3	0
49210	14	67	14
49211	132	188	68
49212	0	1	0
49214	0	3	0
49215	0	6	1
49300	0	10	0
49301	74	148	16
49302	0	1	0
49303	1	1	0
49304	31	8	7
49305	1	8	1
49306	10	27	2
49308	0	10	1
49309	0	2	0
49310	0	1	0
49311	0	7	0
49312	0	14	0
49313	0	24	0
49314	0	16	0
49400	1	10	2
49401	1	1	2
49402	8	9	0
49403	59	9	395
49404	0	1	0
49405	0	9	0
49406	2	4	0
49407	2	3	0
49408	3	8	0
49410	0	11	0
49411	1	24	3
49412	0	3	0
49413	0	1	0
49414	1	0	0
49500	0	1	0
49501	50	40	13
49503	0	16	0
49504	0	3	0
49505	0	4	0
49506	0	87	0
49507	185	153	32
49508	3	11	1
49509	2	0	0
49510	12	18	2
49511	0	18	0
49512	0	1	0
49513	2	18	2
49514	0	2	0
49515	0	16	0
49600	11	3	2
49601	1	2	0
49602	3	1	5
49603	0	32	0
49604	0	6	0
49605	0	18	0
49606	0	13	0
49607	0	6	1
49609	0	3	0
49610	0	2	0
49611	0	3	0
49612	0	1	0
49613	0	1	0
49614	0	11	0
49615	0	6	0
49700	107	36	27
49702	0	17	0
49703	0	61	0
49704	0	2	0
49705	0	41	0
49706	0	33	0
49707	0	12	0
49710	0	1	0
49711	0	8	0
49712	0	3	0
49713	1	2	0
49715	11	7	23
49800	25	23	8
49801	0	4	1
49802	0	4	1
49803	1	2	0
49804	0	3	0
49805	0	41	0
49807	0	1	0
49808	0	3	0
49810	0	16	0
49811	0	7	0
49812	0	10	0
49813	0	5	0
49814	0	19	0
49815	0	16	0
49900	16	11	5
49901	16	30	6
49902	19	59	10
49904	0	3	0
49905	0	1	0
49906	93	11	6
49907	0	2	0
49908	0	4	0
49909	0	3	0
49910	0	2	0
49912	0	5	0
49913	1	16	0
49914	0	4	0
49915	0	2	0
50000	0	1	0
50001	0	2	0
50002	0	26	0
50003	0	1	0
50004	0	3	0
50005	0	29	0
50006	0	16	0
50007	0	1	0
50008	1	1	0
50009	0	4	0
50010	0	131	0
50011	0	1	0
50012	0	1	0
50013	0	78	0
50014	0	2	0
50100	0	2	0
50101	0	2	0
50102	0	30	0
50103	4	4	3
50104	11	36	4
50105	12	4	0
50106	0	2	0
50107	0	7	0
50108	219	65	3
50109	0	5	0
50112	62	164	4
50113	0	1	0
50114	1	4	0
50115	0	5	0
50200	8	5	5
50201	0	2	0
50202	0	2	0
50203	0	2	0
50204	0	20	0
50207	0	3	0
50208	0	1	0
50211	87	82	16
50212	0	6	0
50213	1	5	1
50214	3	12	0
50215	0	72	0
50300	1	36	0
50301	35	29	4
50302	0	8	0
50303	0	11	0
50304	115	99	123
50305	4	56	2
50306	0	6	0
50307	17	15	8
50308	0	10	0
50309	82	23	0
50310	23	11	7
50311	0	4	0
50312	0	4	0
50313	0	2	0
50400	0	2	0
50401	0	1	0
50402	18	11	6
50403	0	15	0
50404	16	34	1
50405	0	9	0
50406	0	2	0
50407	0	12	0
50408	0	17	0
50409	0	36	0
50410	0	3	0
50411	0	2	0
50413	0	106	0
50414	1	0	0
50415	0	1	0
50500	0	16	0
50501	0	2	0
50502	0	4	0
50503	1	26	0
50504	0	2	0
50505	0	16	0
50507	0	1	0
50508	0	3	0
50509	0	1	0
50510	0	1	0
50511	5	3	4
50512	41	2	4
50513	1	8	0
50514	133	151	47
50515	0	2	0
50600	4	2	0
50601	0	3	0
50602	1	9	4
50603	0	3	0
50604	0	5	0
50607	7	19	2
50608	6	6	0
50609	0	3	0
50611	0	2	0
50612	0	10	0
50613	0	6	0
50615	0	6	0
50701	23	202	6
50702	1	5	2
50704	0	3	0
50705	0	2	0
50706	0	7	0
50708	2	4	0
50709	5	31	0
50710	9	25	0
50711	0	46	0
50712	0	1	0
50713	46	9	16
50715	0	5	0
50800	0	2	0
50801	0	1	0
50802	0	3	0
50803	0	1	0
50804	0	3	0
50805	0	5	0
50807	0	1	0
50808	0	26	0
50809	6	1	5
50810	0	2	0
50812	0	8	0
50813	9	41	2
50814	0	5	0
50815	0	2	0
50900	1	11	0
50901	6	5	0
50902	0	4	0
50903	42	34	8
50904	0	7	0
50905	0	1	0
50906	0	3	0
50907	0	5	0
50908	2	2	0
50909	0	4	0
50910	22	3	15
50911	0	13	0
50912	22	14	12
50913	6	0	0
50914	0	4	0
50915	0	2	0
51000	24	48	32
51001	0	2	0
51002	0	1	0
51003	6	5	2
51004	0	5	3
51005	0	0	14
51006	0	8	0
51008	0	5	0
51009	5	15	4
51010	0	4	0
51011	0	1	0
51012	0	2	0
51014	38	17	4
51100	130	49	19
51101	0	47	4
51102	0	10	0
51103	0	2	0
51104	0	39	0
51105	0	2	0
51108	0	1	0
51109	76	76	6
51110	0	7	0
51111	0	6	0
51112	0	1	0
51113	0	2	0
51114	0	26	0
51115	0	1	0
51200	0	14	0
51201	0	1	2
51202	0	2	0
51203	0	5	0
51204	0	1	0
51205	0	2	0
51206	0	1	0
51207	2	6	0
51208	0	2	0
51210	0	1	0
51211	0	8	0
51212	0	1	0
51213	0	5	0
51214	0	39	0
51215	0	1	0
51300	0	1	0
51301	0	8	0
51302	0	2	0
51303	0	1	0
51304	3	4	2
51305	44	116	4
51306	0	4	0
51307	1	10	0
51308	6	6	1
51309	0	1	0
51310	0	2	1
51311	0	5	0
51312	0	1	0
51313	0	2	0
51314	0	20	0
51315	0	4	0
51400	0	8	0
51401	2	4	0
51402	0	94	0
51403	0	2	1
51404	0	18	0
51406	0	8	0
51407	2	2	0
51408	12	9	0
51409	0	7	0
51410	4	1	0
51411	0	7	0
51412	4	8	0
51413	120	25	106
51415	0	4	0
51500	0	2	0
51501	0	10	0
51502	204	60	18
51503	0	2	0
51504	77	3	2
51505	0	27	1
51506	0	2	0
51507	0	48	0
51508	16	21	2
51509	0	47	0
51510	0	21	0
51511	0	1	0
51512	4	2	3
51513	0	15	0
51514	21	16	11
51601	62	88	7
51602	0	2	0
51605	0	4	0
51606	0	8	0
51607	5	10	0
51608	0	5	0
51611	14	5	0
51612	0	2	0
51613	0	3	0
51614	0	2	0
51615	19	9	1
51700	0	7	0
51701	0	1	0
51702	0	10	0
51703	1	0	0
51704	0	9	0
51705	1	2	1
51706	0	23	0
51708	0	10	1
51710	0	5	0
51712	4	4	0
51713	0	1	0
51714	4	1	2
51715	0	1	0
51801	0	1	0
51802	0	20	0
51803	0	9	2
51804	0	3	0
51806	0	1	0
51807	0	6	0
51808	25	3	3
51809	0	1	0
51810	186	90	98
51812	39	3	8
51813	0	2	0
51815	0	2	0
51900	8	15	4
51901	0	16	0
51902	0	3	0
51903	0	1	0
51904	1	36	0
51905	0	5	0
51906	72	27	21
51907	25	11	4
51908	0	1	0
51909	0	4	0
51910	0	15	0
51911	0	2	0
51912	16	16	8
51913	15	18	2
51914	15	129	0
51915	0	3	0
52000	0	1	0
52001	1	4	0
52003	1	22	0
52005	118	329	554
52006	0	5	0
52007	0	0	1
52008	0	5	0
52009	0	51	1
52011	0	2	0
52012	8	5	0
52014	0	7	0
52015	0	4	0
52100	0	12	0
52101	5	34	3
52102	16	0	2
52103	1	33	4
52104	0	2	0
52105	0	4	1
52106	0	4	0
52107	0	1	0
52108	0	6	0
52109	0	9	0
52110	28	33	38
52111	0	11	0
52112	0	5	0
52113	1	1	0
52114	3	8	2
52115	0	1	0
52200	0	1	0
52201	133	194	19
52203	0	4	0
52204	50	15	31
52206	0	2	0
52207	0	38	0
52208	0	7	0
52212	2	1	0
52213	2	1	0
52214	2	10	0
52215	8	21	1
52300	0	3	0
52301	20	7	0
52302	0	3	0
52303	5	13	0
52305	1	4	2
52306	15	1	3
52307	7	6	2
52308	0	74	1
52310	0	2	0
52311	10	4	2
52312	0	1	0
52313	0	2	0
52314	25	30	2
52315	0	40	0
52400	0	5	0
52402	5	7	0
52403	0	1	0
52404	0	2	0
52405	2	0	0
52406	0	1	0
52407	0	392	1
52408	0	11	0
52411	0	3	0
52412	0	1	0
52413	0	1	3
52414	0	2	0
52415	32	108	26
52500	0	1	0
52501	0	3	0
52502	0	2	0
52503	0	3	0
52505	2	4	1
52506	0	5	0
52507	0	11	0
52508	0	17	0
52509	36	79	4
52511	0	1	0
52512	0	1	0
52513	0	3	0
52514	0	6	0
52515	0	17	0
52600	1	4	0
52601	2	4	1
52602	0	6	0
52604	0	9	0
52605	0	1	0
52606	0	14	1
52607	0	16	0
52608	0	1	0
52609	3	51	0
52610	0	21	1
52611	2	101	7
52612	0	7	0
52613	0	20	0
52614	0	2	0
52615	0	2	0
52700	0	6	0
52701	4	14	8
52702	3	3	3
52704	0	4	0
52705	0	83	0
52708	77	21	96
52709	0	3	1
52710	2	25	0
52711	0	8	0
52712	139	15	1
52713	4	0	0
52714	0	3	0
52715	0	1	0
52800	0	6	0
52801	1	7	0
52803	0	14	0
52804	0	3	0
52805	3	0	1
52806	1	3	0
52807	3	4	0
52809	0	5	0
52810	0	20	0
52811	0	3	0
52812	0	11	0
52813	5	1	0
52814	0	25	0
52815	0	2	0
52900	0	3	0
52901	10	25	3
52903	10	10	0
52907	0	11	0
52910	0	290	3
52911	32	0	0
52912	0	10	0
52913	0	12	0
52914	0	2	0
52915	0	10	2
53001	0	13	0
53002	8	28	34
53003	0	14	0
53004	0	2	0
53005	0	1	0
53006	5	2	35
53007	0	4	0
53008	0	1	0
53009	0	32	0
53010	0	1	0
53011	0	2	0
53012	0	2	0
53014	0	3	0
53015	0	14	0
53102	0	115	0
53104	0	62	0
53105	0	1	0
53106	0	2	0
53107	6	24	0
53108	18	4	13
53109	0	12	0
53110	2	4	0
53112	0	6	0
53113	0	40	0
53114	0	4	0
53115	0	3	0
53200	0	1	0
53201	3	3	0
53202	0	3	0
53203	0	28	0
53204	3	3	0
53205	0	1	1
53206	0	1	0
53207	0	1	0
53210	0	8	0
53211	11	2	0
53212	0	1	0
53213	0	12	0
53214	0	1	0
53215	0	15	0
53300	0	5	0
53301	0	8	12
53302	0	1	0
53303	0	10	0
53304	9	1	6
53305	6	203	1
53306	0	2	0
53308	0	0	1
53309	0	3	0
53310	0	36	0
53311	0	5	0
53312	0	17	0
53314	0	3	0
53315	2	2	0
53400	1	23	0
53402	0	2	0
53403	0	8	0
53404	0	1	0
53405	0	11	0
53406	0	2	0
53407	0	12	0
53408	0	4	0
53410	0	9	0
53411	0	1	0
53412	0	10	0
53413	0	1	0
53414	0	3	0
53415	0	3	0
53500	0	1	0
53501	0	8	0
53502	0	1	0
53503	0	33	0
53504	3	2	0
53505	0	5	0
53506	1	6	0
53508	0	6	0
53509	1	20	2
53510	24	16	4
53511	4	0	0
53512	0	1	0
53513	23	1	2
53514	3	5	0
53515	0	3	0
53600	0	4	0
53601	0	2	0
53603	1	14	1
53604	0	19	0
53605	19	2	2
53606	0	1	0
53607	2	0	1
53608	19	23	11
53611	0	577	0
53612	0	7	0
53613	0	4	0
53614	44	49	8
53700	0	5	0
53701	0	12	0
53702	141	41	134
53703	0	3	0
53704	0	8	0
53705	0	5	0
53706	16	16	2
53707	0	1	0
53708	0	24	0
53709	0	9	0
53710	0	2	0
53711	1	3	0
53712	0	3	0
53713	0	2	1
53714	719	58	6
53715	0	69	0
53802	5	9	2
53803	104	325	11
53804	65	16	1
53805	0	8	0
53806	0	9	0
53808	0	10	0
53809	0	68	0
53810	0	6	0
53811	8	12	2
53812	0	3	0
53813	0	4	0
53814	8	6	0
53815	0	1	0
53900	0	1	0
53901	0	3	0
53902	2	2	0
53903	0	1	0
53904	2	2	0
53905	0	4	1
53907	25	4	2
53908	0	1	0
53909	0	4	0
53910	50	7	6
53911	0	1	0
53912	34	1	6
53913	0	1	1
53914	0	4	0
53915	0	6	0
54000	6	13	0
54002	0	1	0
54003	0	7	0
54004	11	37	1
54005	0	3	0
54007	0	2	0
54008	33	10	10
54009	0	18	0
54010	0	1	0
54011	1	23	1
54012	0	2	0
54013	0	1	0
54014	0	4	0
54101	0	2	0
54102	0	106	26
54104	0	2	0
54105	0	14	0
54106	0	26	0
54107	0	1	0
54109	0	2	0
54110	0	1	0
54111	0	6	0
54113	0	2	0
54114	0	6	0
54200	0	2	0
54201	0	9	0
54202	32	11	5
54203	0	75	0
54205	1	7	0
54206	0	8	0
54207	4	5	0
54208	0	19	0
54209	0	2	0
54210	0	20	0
54211	0	1	0
54212	1	11	0
54214	0	2	0
54215	0	1	0
54300	20	76	4
54301	0	3	0
54302	0	2	0
54303	125	48	67
54304	6	1	1
54305	0	6	0
54306	6	2	2
54307	0	3	0
54309	3	21	26
54310	11	5	2
54311	0	2	0
54312	0	2	0
54313	0	4	0
54314	16	11	10
54315	0	13	0
54401	0	1	0
54402	51	1038	52
54403	0	7	0
54404	0	2	0
54405	9	20	0
54406	0	8	0
54407	1	6	1
54408	0	12	0
54410	0	3	0
54411	0	1	0
54412	0	21	0
54413	0	2	0
54414	0	7	0
54500	0	1	0
54503	0	13	0
54505	0	38	0
54506	0	17	0
54507	0	2	0
54508	1	2	0
54510	0	8	0
54511	0	13	0
54512	0	10	0
54513	0	10	0
54515	1	6	0
54600	0	1	0
54601	0	2	0
54602	71	7	27
54603	1	0	0
54604	0	2	0
54605	4	21	0
54606	0	17	0
54607	0	4	0
54608	0	4	1
54609	0	42	1
54610	0	2	0
54611	2	2	0
54612	0	7	1
54614	0	5	0
54615	0	6	0
54700	0	1	0
54701	5	57	0
54702	0	21	0
54706	19	105	9
54707	0	3	0
54710	0	1	0
54711	1	3	2
54712	0	4	0
54714	1	5	5
54715	4	16	1
54800	0	2	5
54801	0	0	1
54802	0	2	0
54804	1	13	0
54805	0	2	0
54806	0	3	2
54807	1	61	1
54808	6	91	3
54809	1490	6	5
54810	1	36	2
54811	8	20	1
54812	0	1	0
54813	0	3	0
54814	2	4	0
54900	0	3	0
54903	0	4	0
54904	2	0	0
54905	0	3	0
54906	0	1	0
54907	0	7	0
54908	0	3	0
54909	1	14	1
54910	0	2	0
54911	6	2	1
54912	0	3	0
54913	0	1	0
55000	1	7	0
55001	0	1	0
55002	49	4	0
55003	16	1	1
55004	0	5	0
55005	0	2	0
55006	0	4	0
55007	1	21	2
55008	0	7	0
55009	97	20	5
55010	0	11	3
55011	0	3	0
55012	6	1	2
55013	191	196	55
55014	0	3	0
55015	0	4	0
55100	0	3	0
55101	0	10	0
55103	1	0	0
55104	0	6	0
55105	0	1	0
55106	54	13	6
55107	0	7	0
55109	0	1	0
55112	0	9	0
55113	0	13	0
55114	0	3	0
55115	0	5	0
55200	0	9	0
55201	0	13	0
55202	0	3	0
55203	0	3	0
55204	0	1	0
55205	10	7	20
55206	1	0	2
55207	3	402	6
55208	0	1	0
55209	0	3	0
55210	0	1	0
55211	0	3	0
55212	5	6	3
55213	0	7	0
55214	0	2	0
55215	0	1	0
55301	0	1	0
55302	5	1	0
55303	3	3	0
55304	0	10	0
55305	4	3	1
55307	0	4	0
55308	7	11	0
55309	0	1	0
55310	5	19	0
55311	17	3	6
55312	0	3	0
55314	0	3	0
55315	0	19	0
55400	0	2	0
55401	0	2	0
55402	0	1	0
55403	0	2	0
55404	0	5	0
55405	3	7	0
55406	0	2	0
55407	1	2	0
55409	28	15	11
55410	0	4	0
55411	0	7	0
55412	28	6	1
55413	0	4	1
55414	8	0	0
55415	2	4	4
55500	4	4	3
55501	0	4	1
55502	0	6	0
55504	0	43	0
55506	0	31	0
55507	0	1	0
55508	0	43	0
55510	0	1	0
55511	4	5	1
55512	0	102	0
55513	0	2	0
55514	0	1	0
55515	0	1	0
55600	0	4	0
55601	3	7	2
55602	0	8	0
55603	1	4	0
55604	11	10	0
55605	0	1	0
55607	0	1	0
55608	3	0	1
55609	0	2	0
55611	0	4	0
55612	0	6	0
55613	0	31	0
55614	2	20	1
55615	0	2	0
55700	0	6	0
55701	0	1	0
55703	0	2	0
55705	0	3	0
55706	0	3	0
55707	0	8	0
55710	72	91	39
55712	0	3	0
55713	0	3	0
55714	7	0	2
55715	1	4	0
55801	4	9	6
55802	2	162	1
55803	0	36	0
55804	0	6	0
55805	0	18	2
55806	6	8	0
55807	0	3	0
55808	0	6	0
55809	0	1	0
55810	0	2	0
55811	0	5	0
55812	11	7	10
55813	10	40	4
55814	1	3	0
55815	36	47	12
55900	0	1	0
55901	0	5	0
55902	0	10	0
55903	0	3	0
55904	4	29	1
55905	0	5	0
55906	26	24	9
55907	18	106	4
55909	0	2	0
55910	12	113	2
55911	0	8	0
55913	0	18	0
55914	0	2	0
55915	4	17	0
56000	0	1	0
56002	0	1	0
56004	0	4	0
56005	0	10	0
56007	0	2	0
56008	0	4	0
56009	0	1	0
56010	0	1	0
56011	0	18	0
56012	0	1	0
56013	0	1	0
56014	3	3	1
56015	0	2	0
56100	7	0	0
56101	32	4	3
56102	0	6	0
56103	0	5	16
56104	0	1	0
56105	0	2	0
56106	0	10	0
56107	0	4	0
56108	3	2	1
56109	0	1	0
56111	0	74	0
56112	0	2	0
56114	0	2	0
56115	0	9	0
56200	310	3	4
56201	1	0	1
56202	2	22	0
56203	0	4	0
56204	0	25	0
56205	0	5	2
56206	0	2	0
56207	0	10	0
56208	0	1	0
56209	0	1	0
56210	0	2	0
56211	0	7	0
56212	0	31	0
56213	0	1	0
56214	0	1	0
56215	0	4	0
56300	3	3	0
56301	0	2	0
56302	0	12	0
56304	72	117	56
56305	0	3	0
56307	0	4	0
56308	0	3	0
56310	39	59	29
56311	0	5	0
56313	0	7	4
56314	0	9	0
56315	0	3	0
56400	2	3	1
56401	0	54	0
56402	0	3	0
56403	1	1	0
56404	0	11	1
56406	0	18	0
56407	0	111	0
56408	0	2	0
56409	0	1	0
56410	0	5	0
56411	0	1	0
56412	0	0	7
56413	0	3	0
56414	32	1	4
56415	0	11	0
56500	0	21	0
56501	0	2	0
56502	14	152	12
56505	0	12	222
56507	1	1	1
56508	67	121	144
56509	145	253	99
56510	0	6	0
56511	1	12	0
56512	0	3	0
56513	6	2	0
56514	0	5	0
56515	4	19	0
56600	3	3	0
56601	0	4	0
56602	0	0	1
56603	4	1	0
56604	0	15	0
56605	0	5	0
56606	3	2	1
56607	44	14	5
56608	6	14	2
56609	0	1	0
56610	0	1	0
56611	0	39	3
56612	0	4	0
56614	0	3	0
56615	0	1	0
56700	0	4	0
56701	0	1	0
56702	0	1	0
56703	0	1	0
56704	1	15	1
56705	13	6	3
56706	13	2	1
56707	10	40	3
56708	0	1	0
56709	0	2	0
56710	3	4	0
56711	0	2	0
56712	0	2	0
56713	0	2	0
56714	0	5	0
56715	2	16	1
56800	0	2	0
56802	0	2	0
56803	0	1	0
56805	1	12	0
56807	0	10	0
56808	2	5	0
56809	1	1	0
56810	0	4	0
56811	0	3	1
56812	0	10	0
56813	0	3	0
56815	0	3	0
56900	1	1	0
56901	0	2	0
56902	0	1	0
56903	0	9	0
56905	0	1	0
56906	0	12	0
56907	8	10	0
56910	0	3	0
56912	5	0	1
56913	54	10	17
56915	0	29	0
57000	0	27	0
57001	4	38	4
57002	0	3	0
57003	0	1	0
57004	0	1	0
57005	0	8	0
57007	0	44	51
57008	0	6	0
57009	168	16	129
57010	0	5	0
57012	5	16	4
57013	0	2	0
57014	3	2	0
57015	0	1	0
57100	0	3	0
57101	0	16	0
57102	0	4	0
57103	0	26	0
57104	64	38	93
57105	0	4	0
57106	1	1	0
57109	9	1	3
57111	31	27	3
57112	0	1	0
57113	0	5	0
57114	0	2	0
57200	0	2	0
57201	0	6	0
57202	3	274	1
57203	0	8	0
57204	0	8	0
57205	0	1	0
57206	6	57	3
57207	0	2	0
57208	0	20	0
57209	0	5	0
57212	0	1	0
57213	26	10	2
57214	0	1	0
57215	0	6	0
57300	0	55	0
57301	0	14	0
57303	20	29	2
57304	0	72	0
57305	16	70	7
57306	0	10	0
57307	1	4	1
57308	0	5	0
57309	0	1	0
57310	4	4	3
57311	2	9	1
57312	8	2	4
57313	0	5	0
57314	0	2	0
57315	1	137	2
57400	0	4	0
57401	0	0	1
57403	0	3	0
57404	0	12	0
57406	7	7	2
57408	0	5	0
57410	0	5	0
57411	1	10	4
57412	0	5	0
57413	10	13	0
57414	0	7	0
57415	0	20	0
57500	9	28	1
57501	0	1	0
57502	0	18	0
57503	0	5	0
57504	0	1	0
57505	72	89	4
57506	0	15	0
57507	3	34	2
57508	3	0	2
57509	0	12	0
57510	70	30	3
57511	0	4	0
57512	0	8	0
57513	1	18	0
57514	0	3	0
57600	29	9	13
57601	0	9	0
57602	0	2	0
57604	0	2	0
57606	0	3	0
57607	0	8	0
57608	0	18	0
57610	0	8	0
57611	0	11	0
57612	115	12	25
57614	8	3	34
57700	0	1	0
57701	8	36	1
57702	0	1	0
57703	0	7	0
57704	0	19	0
57705	0	38	0
57706	1	2	0
57707	0	1	0
57708	2	3	0
57709	0	6	0
57710	26	11	14
57712	0	4	0
57713	0	65	0
57714	0	17	0
57715	0	6	0
57800	0	40	0
57801	0	1	0
57802	6	12	3
57803	0	1	0
57805	5	6	2
57807	0	2	0
57808	0	6	2
57809	4	43	0
57810	0	1	2
57811	0	2	2
57813	5	2	0
57814	0	6	0
57815	0	5	0
57900	0	1	0
57901	0	2	0
57902	0	3	0
57905	0	10	0
57906	43	96	14
57907	9	0	18
57908	0	2	0
57909	3	3	1
57910	0	4	0
57911	5	4	0
57912	0	1	0
57913	2	4	1
57914	25	11	22
57915	0	4	0
58000	0	8	0
58001	0	4	0
58002	2	6	0
58003	0	4	0
58004	0	21	0
58005	0	16	0
58007	0	5	0
58008	0	2	0
58009	8	1	1
58010	1	0	0
58011	116	296	50
58012	0	2	0
58013	0	1	0
58015	0	1	0
58100	0	8	2
58101	0	2	0
58103	0	1	0
58104	2	3	0
58105	0	1	0
58106	0	9	0
58107	0	1	0
58108	0	3	0
58109	5	4	0
58110	0	2	0
58112	0	5	0
58113	0	3	0
58114	0	22	0
58115	0	1	0
58201	0	2	0
58202	1	11	1
58203	0	1	0
58204	0	4	0
58205	4	3	0
58206	29	17	8
58207	0	1	0
58208	3	4	0
58210	78	11	5
58211	2	4	1
58212	0	2	0
58213	0	4	0
58215	0	2	0
58300	0	1	0
58302	0	3	0
58303	0	2	0
58304	0	14	0
58305	1	0	0
58307	0	5	0
58308	0	8	0
58310	0	4	0
58311	0	1	0
58312	13	6	0
58313	0	7	0
58314	0	8	0
58315	8	3	3
58400	0	2	0
58401	0	14	0
58403	0	3	0
58404	0	1	0
58405	0	7	0
58406	0	1	0
58407	0	2	0
58408	1	20	1
58410	6	28	5
58413	0	2	0
58414	0	2	0
58415	0	5	0
58500	0	3	0
58501	27	87	2
58502	6	3	0
58503	2	2	1
58504	0	3	0
58505	0	5	0
58507	0	1	0
58508	1	2	0
58509	0	21	0
58511	0	5	0
58513	0	33	0
58514	12	27	1
58515	0	8	0
58600	0	1	0
58601	7	11	2
58602	0	1	0
58603	0	3	0
58604	26	40	6
58605	3	14	1
58606	2	42	0
58607	0	1	0
58608	0	2	1
58609	0	8	0
58610	0	3	0
58611	0	4	0
58613	58	48	34
58614	0	1	0
58700	0	27	0
58701	0	8	0
58703	0	12	0
58704	0	1	0
58705	1	5	2
58706	2	2	0
58708	1	6	0
58709	3	67	5
58710	0	1	0
58711	0	2	0
58712	6	1	0
58713	0	32	0
58714	1	4	0
58715	0	3	0
58800	0	17	0
58801	0	2	0
58802	0	23	0
58803	0	6	0
58804	1	11	0
58805	29	25	31
58806	2	2	0
58808	0	12	0
58809	0	7	0
58810	0	8	0
58811	0	12	0
58812	0	1	0
58814	10	38	2
58815	0	2	0
58900	0	129	0
58901	0	1	2
58902	3	0	1
58904	0	17	2
58905	2	3	0
58906	0	5	0
58907	0	5	0
58910	0	51	0
58912	26	1	0
58914	1	1	0
58915	0	1	0
59000	0	2	0
59001	98	92	112
59002	0	1	0
59003	13	3	3
59004	1	13	2
59005	0	3	0
59006	0	3	0
59007	0	7	13
59008	0	5	0
59009	0	3	0
59010	0	2	0
59011	66	9	8
59012	17	5	0
59013	2	21	0
59014	0	3	0
59015	2	0	0
59100	0	1	0
59101	0	4	0
59102	1	2	1
59103	0	2	0
59104	0	4	0
59106	0	11	0
59107	0	6	0
59108	0	6	1
59109	0	2	0
59111	0	52	0
59112	1	9	0
59113	5	0	1
59114	0	1	0
59115	0	5	0
59200	0	28	1
59201	0	7	0
59203	0	2	0
59204	1	1	1
59205	0	3	0
59207	3	1	0
59208	0	4	0
59209	0	11	0
59210	0	8	0
59211	0	11	0
59212	0	2	0
59213	0	1	0
59300	0	15	0
59301	0	15	0
59302	0	87	0
59303	19	30	1
59304	0	1	0
59305	14	6	3
59306	0	2	0
59307	0	95	0
59308	2	2	1
59311	0	9	0
59313	2	6	1
59315	1	2	1
59401	0	8	0
59402	0	3	0
59404	0	73	0
59405	0	2	0
59406	0	2	0
59408	0	24	0
59409	0	2	0
59410	0	3	0
59411	0	13	0
59412	0	112	0
59413	0	3	0
59415	0	4	0
59500	0	3	0
59501	0	2	0
59502	0	2	0
59503	0	4	0
59504	0	4	0
59505	0	2	0
59506	0	5	0
59507	0	1	0
59508	0	12	0
59509	0	2	0
59510	6	4	6
59511	0	23	0
59512	0	3	0
59513	0	1	0
59514	0	5	0
59515	3	61	1
59601	0	22	0
59602	0	21	0
59603	0	2	0
59604	7	21	1
59605	19	23	6
59606	0	6	0
59607	3	60	1
59608	0	3	0
59609	12	40	22
59610	12	18	0
59611	0	7	0
59612	0	1	0
59700	0	2	0
59701	0	9	0
59702	0	65	0
59703	2	0	0
59704	0	3	0
59705	21	20	70
59708	0	2	4
59709	0	2	0
59710	36	18	11
59711	0	6	0
59712	0	4	0
59713	0	1	0
59714	0	4	0
59715	0	46	0
59800	0	5	1
59801	5	2	1
59802	1	12	1
59803	57	130	6
59804	0	8	0
59805	71	10	1
59808	0	39	0
59809	0	6	0
59810	19	21	8
59811	1	11	2
59812	0	105	0
59813	3	19	1
59814	2	22	19
59815	1	4	1
59900	0	3	0
59901	0	45	4
59902	0	6	0
59904	0	5	0
59905	1	25	0
59906	12	18	4
59908	0	1	0
59909	0	7	0
59910	0	2	0
59913	0	4	8
60000	0	8	0
